name;money;skill;cheat;awarness
Invest970;84;11;90;71
Invest12;98;16;72;23
Invest407;89;24;50;52
Invest80;926;54;45;33
Invest475;92;17;96;78
Invest331;901;61;44;84
Invest193;2537;88;76;6
Invest732;749;46;54;87
Invest851;2237;81;95;29
Invest100;57;15;11;27
Invest161;1487;91;41;51
Invest3;444;35;39;17
Invest450;81;17;79;49
Invest902;905;59;13;99
Invest876;1203;57;55;4
Invest638;384;28;4;36
Invest757;436;31;21;53
Invest212;87;8;29;33
Invest519;757;48;43;60
Invest44;1618;77;57;8
Invest37;1406;64;71;73
Invest280;1922;81;77;26
Invest645;724;35;87;41
Invest883;1445;87;22;99
Invest764;65;5;91;64
Invest324;96;22;67;80
Invest73;626;42;34;48
Invest388;2685;85;98;38
Invest269;1157;54;63;88
Invest808;409;31;39;14
Invest609;1211;63;86;90
Invest700;1616;79;59;42
Invest796;566;40;23;8
Invest963;597;42;13;93
Invest652;684;43;81;45
Invest587;488;33;50;72
Invest276;82;10;23;85
Invest414;859;55;20;8
Invest594;503;38;2;68
Invest526;1649;96;43;69
Invest995;577;34;4;41
Invest725;1186;73;37;23
Invest934;1123;68;6;7
Invest237;69;20;15;26
Invest558;310;27;50;21
Invest69;1193;76;15;10
Invest302;489;37;15;45
Invest927;1436;67;53;33
Invest186;576;37;86;42
Invest613;67;8;73;68
Invest436;1229;57;79;71
Invest562;1103;65;36;89
Invest812;768;38;89;89
Invest125;911;63;24;1
Invest501;41;14;17;29
Invest847;855;53;40;79
Invest298;1388;86;32;93
Invest674;78;16;81;45
Invest363;452;30;33;48
Invest385;1408;51;86;40
Invest251;1545;94;45;59
Invest122;1203;57;85;96
Invest215;1258;71;32;70
Invest837;416;40;35;36
Invest359;1415;87;10;24
Invest684;1387;86;19;92
Invest164;47;5;66;61
Invest735;2044;78;81;93
Invest718;1092;68;31;22
Invest667;2919;100;59;85
Invest880;1362;58;75;9
Invest241;1700;92;1;2
Invest761;712;43;53;94
Invest786;862;53;47;55
Invest949;2997;98;76;34
Invest353;2605;93;81;21
Invest404;1628;73;85;33
Invest41;1709;100;24;11
Invest691;83;4;19;54
Invest208;1884;78;62;11
Invest273;1667;67;54;35
Invest703;1118;69;25;52
Invest327;650;47;50;95
Invest196;2163;81;97;48
Invest98;2320;80;83;41
Invest572;344;25;32;97
Invest533;2033;74;75;81
Invest742;332;27;12;78
Invest366;1505;92;26;14
Invest988;1238;77;22;84
Invest779;1049;65;11;38
Invest392;730;41;45;99
Invest869;696;44;48;92
Invest959;721;40;58;33
Invest183;1506;63;78;69
Invest443;487;43;13;10
Invest460;307;21;80;74
Invest439;1121;75;18;7
Invest610;60;4;88;4
Invest540;1420;93;18;55
Invest606;95;14;70;23
Invest516;557;41;16;84
Invest157;71;1;92;87
Invest76;78;20;71;29
Invest529;275;24;12;26
Invest905;1074;50;53;47
Invest815;61;22;31;11
Invest966;74;21;67;30
Invest234;756;51;1;99
Invest349;94;21;45;32
Invest15;2396;90;67;17
Invest179;3845;97;91;82
Invest992;482;28;61;8
Invest421;534;35;7;46
Invest854;2845;97;70;45
Invest370;1068;69;48;62
Invest6;767;46;15;82
Invest417;526;41;2;24
Invest482;2363;86;61;27
Invest555;1530;66;65;17
Invest449;80;23;30;49
Invest54;1569;89;23;96
Invest931;712;50;4;17
Invest509;516;28;95;94
Invest568;896;44;84;61
Invest969;1642;99;41;74
Invest424;1279;65;81;43
Invest893;417;29;55;87
Invest151;1342;62;73;79
Invest834;1106;70;49;30
Invest295;544;42;27;26
Invest577;3198;97;81;85
Invest95;43;6;36;56
Invest696;762;51;28;19
Invest722;972;61;29;19
Invest857;423;36;42;96
Invest176;1551;76;54;5
Invest288;1299;78;4;42
Invest715;1763;76;64;100
Invest790;1214;68;33;37
Invest628;71;2;67;17
Invest738;1123;58;67;68
Invest630;921;59;8;33
Invest63;965;49;100;4
Invest118;2037;69;75;4
Invest478;811;34;88;2
Invest135;86;9;62;72
Invest465;1538;56;84;99
Invest603;1679;94;21;87
Invest305;2000;72;79;88
Invest259;90;26;36;40
Invest18;499;35;31;51
Invest584;393;25;61;27
Invest199;1806;77;52;22
Invest47;35;8;16;16
Invest946;1246;56;79;50
Invest898;1425;89;6;97
Invest59;1451;91;34;26
Invest802;83;5;89;60
Invest708;405;23;67;7
Invest312;1897;78;53;98
Invest401;654;48;35;87
Invest648;963;63;28;49
Invest375;1642;96;3;16
Invest861;1467;77;51;58
Invest22;2601;96;73;37
Invest247;1139;52;67;85
Invest341;1344;55;88;78
Invest886;1311;77;13;8
Invest550;2554;97;66;34
Invest263;2173;81;94;91
Invest103;519;33;48;38
Invest337;84;7;31;58
Invest924;88;20;49;4
Invest774;1116;73;7;40
Invest662;848;56;8;32
Invest951;603;34;83;76
Invest225;67;10;63;67
Invest513;836;44;80;21
Invest973;84;21;73;92
Invest266;700;48;50;49
Invest536;444;35;39;80
Invest497;2593;97;64;86
Invest0;511;27;81;51
Invest879;999;64;11;16
Invest147;1212;70;17;50
Invest66;54;4;8;18
Invest539;1939;90;75;17
Invest427;1505;67;78;2
Invest864;69;5;66;3
Invest472;796;53;18;82
Invest890;58;9;56;53
Invest446;1511;88;45;45
Invest453;2176;79;71;91
Invest51;1196;53;98;96
Invest633;1512;91;7;24
Invest128;969;62;36;41
Invest600;84;1;49;100
Invest360;90;21;9;28
Invest334;63;11;23;71
Invest625;2033;70;100;8
Invest752;1385;60;89;78
Invest25;801;48;17;80
Invest180;1964;72;83;6
Invest771;1407;82;50;27
Invest308;1009;61;14;80
Invest173;671;47;40;93
Invest591;1458;73;76;78
Invest200;859;44;93;5
Invest699;628;41;41;67
Invest431;90;6;83;83
Invest468;1073;65;7;55
Invest222;1173;51;87;93
Invest745;2498;84;78;97
Invest677;1350;80;13;64
Invest618;1954;78;62;34
Invest378;304;21;78;47
Invest921;900;59;48;40
Invest169;21;2;8;42
Invest494;1030;66;14;6
Invest565;3160;94;99;46
Invest980;844;43;85;91
Invest521;817;49;44;98
Invest976;2250;71;93;84
Invest292;2781;87;90;68
Invest154;480;40;5;54
Invest70;1439;88;16;73
Invest917;2044;82;71;89
Invest827;2550;92;74;97
Invest132;1515;62;79;65
Invest244;703;46;3;26
Invest681;32;5;86;44
Invest88;1732;75;66;8
Invest805;869;53;41;57
Invest767;542;36;2;85
Invest506;1468;81;16;15
Invest655;76;24;29;93
Invest793;1237;54;85;34
Invest629;863;41;83;60
Invest998;1786;95;15;87
Invest789;1662;100;20;52
Invest110;2470;96;88;88
Invest939;568;39;19;11
Invest270;1288;79;15;20
Invest943;1465;67;58;31
Invest106;1438;62;63;71
Invest218;1390;83;9;1
Invest356;2288;99;52;42
Invest382;935;61;22;18
Invest92;78;7;4;47
Invest831;1308;79;5;40
Invest543;80;14;86;52
Invest911;1830;66;81;4
Invest71;85;4;69;96
Invest390;439;26;99;64
Invest654;554;40;21;85
Invest510;68;10;10;4
Invest28;3006;90;94;9
Invest986;1597;94;3;81
Invest936;100;19;39;67
Invest116;58;2;78;24
Invest109;93;13;10;2
Invest491;1283;74;21;36
Invest184;810;40;98;80
Invest611;76;26;45;35
Invest315;79;10;24;34
Invest503;360;23;69;85
Invest979;870;52;44;99
Invest860;1404;88;18;70
Invest810;481;29;74;90
Invest553;100;15;13;30
Invest452;382;27;38;1
Invest285;817;56;39;88
Invest784;1625;100;41;33
Invest10;94;9;57;12
Invest148;265;26;19;27
Invest885;78;8;20;25
Invest198;1123;45;97;23
Invest686;534;36;36;20
Invest762;840;31;82;28
Invest835;1237;75;36;96
Invest863;389;29;23;91
Invest253;2492;83;100;50
Invest849;300;23;23;77
Invest954;1258;69;64;74
Invest152;2249;86;78;47
Invest524;688;33;90;37
Invest448;1808;69;66;55
Invest690;1555;57;100;40
Invest1;798;39;76;18
Invest661;863;56;36;11
Invest484;1109;56;56;84
Invest246;3046;86;88;56
Invest423;1767;80;57;52
Invest35;1589;91;45;91
Invest177;1487;67;60;4
Invest278;519;34;67;60
Invest679;606;42;19;30
Invest961;627;45;8;72
Invest777;1296;60;76;79
Invest96;489;33;37;57
Invest712;3171;100;75;45
Invest549;677;46;46;18
Invest560;936;60;34;63
Invest322;510;33;64;65
Invest585;1142;51;86;70
Invest647;2211;84;92;94
Invest351;958;44;76;30
Invest402;1125;67;42;54
Invest214;99;26;39;77
Invest386;58;13;82;89
Invest791;1900;73;73;93
Invest181;34;13;81;1
Invest445;94;24;13;27
Invest416;1289;82;40;81
Invest347;1469;94;21;13
Invest604;58;14;35;31
Invest957;417;24;21;76
Invest813;1033;50;64;20
Invest794;1283;83;10;81
Invest748;383;31;50;12
Invest727;1374;72;63;81
Invest487;1578;95;40;25
Invest462;98;21;31;6
Invest113;96;10;48;37
Invest239;994;52;54;29
Invest155;95;21;88;88
Invest676;402;30;36;10
Invest430;488;41;21;88
Invest93;1076;68;29;88
Invest531;1234;59;57;86
Invest990;2073;78;96;54
Invest138;2628;82;90;52
Invest964;1033;52;58;16
Invest588;503;33;71;30
Invest74;740;36;67;5
Invest32;87;9;72;62
Invest546;2211;85;94;1
Invest907;1122;52;97;64
Invest983;100;11;74;42
Invest856;1049;65;1;70
Invest914;179;24;27;65
Invest67;1209;71;18;82
Invest419;1743;69;75;21
Invest940;319;29;14;66
Invest120;1400;83;41;56
Invest300;1535;94;28;46
Invest357;2874;90;96;54
Invest806;2176;89;97;12
Invest689;1508;56;97;2
Invest217;570;39;32;100
Invest929;95;18;56;67
Invest243;1205;50;95;32
Invest361;1583;98;18;5
Invest89;980;50;56;73
Invest260;1091;72;3;85
Invest832;77;3;4;11
Invest383;1201;57;54;64
Invest882;761;50;11;96
Invest733;468;24;89;90
Invest592;957;48;69;96
Invest282;1349;86;28;72
Invest878;751;52;39;90
Invest318;1386;86;20;3
Invest626;1352;60;66;42
Invest256;76;16;83;47
Invest705;2443;78;95;50
Invest693;78;20;6;21
Invest755;1805;75;75;35
Invest344;81;4;72;12
Invest781;1254;58;97;23
Invest933;1508;56;86;53
Invest632;2260;90;56;98
Invest221;554;38;36;78
Invest828;2336;92;72;97
Invest731;66;12;48;39
Invest825;1592;89;46;33
Invest379;2800;86;100;35
Invest101;369;30;49;34
Invest499;1265;53;88;85
Invest680;1621;77;77;6
Invest167;1862;87;56;23
Invest518;59;18;96;7
Invest800;50;4;83;71
Invest373;873;57;42;27
Invest45;1963;74;61;91
Invest433;1288;54;95;98
Invest765;99;4;89;68
Invest20;660;41;44;67
Invest740;556;39;31;6
Invest126;597;33;76;17
Invest971;647;33;69;18
Invest926;1156;73;40;90
Invest142;1027;69;1;62
Invest570;1560;89;24;99
Invest799;934;67;17;85
Invest919;96;19;32;64
Invest13;538;32;65;72
Invest841;39;12;75;72
Invest86;98;21;45;6
Invest534;311;25;79;5
Invest671;1063;37;100;71
Invest772;2547;88;91;65
Invest619;1558;91;21;65
Invest458;1635;98;3;49
Invest79;666;45;59;50
Invest90;91;18;69;87
Invest9;1149;50;88;29
Invest527;36;13;4;53
Invest635;1123;72;13;57
Invest758;1944;78;66;94
Invest303;1137;44;99;60
Invest664;3070;87;97;91
Invest227;2329;93;89;88
Invest563;915;44;62;85
Invest380;1912;66;80;86
Invest426;2193;80;96;84
Invest575;786;51;49;99
Invest297;991;47;97;64
Invest901;2639;87;66;93
Invest698;551;34;49;48
Invest174;1586;98;10;63
Invest623;1344;84;23;55
Invest474;459;35;15;29
Invest325;308;22;82;29
Invest202;98;24;41;45
Invest559;431;24;53;8
Invest736;1198;80;45;35
Invest597;1247;68;6;51
Invest859;77;13;22;60
Invest398;40;12;45;100
Invest873;1576;59;81;41
Invest61;98;6;48;41
Invest500;83;4;95;49
Invest190;79;19;31;37
Invest996;359;28;8;28
Invest440;1129;50;89;62
Invest601;461;39;55;36
Invest616;864;48;51;97
Invest310;2062;87;51;1
Invest895;1072;64;21;3
Invest724;1159;73;25;24
Invest923;87;6;80;97
Invest582;94;17;80;40
Invest83;1527;74;97;88
Invest948;727;47;14;50
Invest496;714;41;90;94
Invest130;314;25;89;42
Invest250;1709;61;96;63
Invest888;79;16;2;32
Invest556;1646;82;52;8
Invest376;66;12;33;40
Invest57;962;62;46;51
Invest642;626;43;47;97
Invest803;1014;72;13;21
Invest822;95;23;44;60
Invest249;681;44;43;32
Invest702;793;48;21;17
Invest974;1168;53;69;79
Invest123;3037;95;79;98
Invest657;1011;66;41;92
Invest224;1083;53;58;74
Invest683;61;17;28;83
Invest189;980;61;1;30
Invest541;1177;77;45;65
Invest515;61;3;82;16
Invest904;89;6;86;25
Invest818;80;14;2;63
Invest104;2364;98;65;23
Invest721;98;26;22;31
Invest411;2451;79;91;15
Invest369;820;39;64;55
Invest844;519;29;67;4
Invest967;544;33;23;56
Invest993;79;5;81;76
Invest145;2782;95;81;74
Invest870;72;20;68;68
Invest38;983;63;36;72
Invest930;623;34;78;42
Invest395;69;6;75;70
Invest268;66;8;28;55
Invest481;829;37;70;98
Invest354;539;25;96;64
Invest205;1199;75;4;45
Invest328;70;18;92;39
Invest231;332;29;77;24
Invest306;76;7;14;70
Invest429;22;2;83;17
Invest332;60;2;16;93
Invest989;85;17;16;96
Invest64;65;18;61;12
Invest866;1927;71;91;53
Invest455;1362;56;85;9
Invest119;275;33;27;4
Invest892;2439;98;56;33
Invest272;754;37;62;38
Invest16;929;49;58;54
Invest578;738;29;89;96
Invest717;2604;90;97;87
Invest743;674;38;74;44
Invest620;532;33;41;28
Invest275;357;28;6;58
Invest294;259;24;13;84
Invest42;680;48;8;92
Invest262;661;37;87;19
Invest782;911;46;56;27
Invest787;986;61;28;93
Invest219;1413;84;50;100
Invest171;1167;69;11;51
Invest143;1679;71;73;82
Invest663;64;4;48;86
Invest858;68;20;4;71
Invest338;661;41;32;46
Invest739;60;21;58;92
Invest287;972;45;53;17
Invest87;1483;95;41;98
Invest714;430;28;52;20
Invest920;2497;88;69;41
Invest381;942;60;7;65
Invest62;1524;75;57;23
Invest400;1491;89;49;41
Invest230;958;63;37;63
Invest826;1224;56;67;51
Invest894;1544;70;76;74
Invest569;977;50;71;54
Invest19;48;3;90;5
Invest508;411;33;47;85
Invest150;2596;100;62;24
Invest945;2623;84;83;96
Invest457;558;45;40;73
Invest477;2340;80;90;13
Invest707;2635;88;68;83
Invest695;629;43;6;50
Invest833;933;47;57;78
Invest512;15;12;7;3
Invest136;97;17;17;93
Invest952;76;5;7;66
Invest688;845;53;16;91
Invest775;86;21;25;3
Invest984;955;41;81;37
Invest840;2540;82;85;8
Invest913;1470;61;96;21
Invest399;643;33;81;24
Invest94;1199;73;22;36
Invest576;2016;73;97;93
Invest537;1110;66;32;62
Invest746;1762;67;63;94
Invest602;97;11;70;59
Invest226;85;15;85;53
Invest114;29;14;29;97
Invest862;98;17;52;33
Invest201;98;14;88;53
Invest425;522;36;8;82
Invest750;2355;88;84;82
Invest374;1191;53;85;10
Invest801;2940;96;87;12
Invest624;54;11;12;37
Invest58;750;34;70;12
Invest313;2426;85;87;47
Invest248;717;36;57;1
Invest897;620;44;43;45
Invest909;633;42;47;85
Invest551;395;30;5;74
Invest659;1245;78;28;71
Invest428;706;42;10;98
Invest471;773;49;18;43
Invest804;92;11;58;58
Invest129;849;45;85;39
Invest999;74;11;67;6
Invest291;69;6;52;92
Invest711;91;16;67;94
Invest172;94;25;44;42
Invest284;1353;66;82;50
Invest660;1145;74;12;42
Invest505;734;49;13;85
Invest223;492;34;24;39
Invest486;13;18;48;26
Invest258;98;17;23;46
Invest819;87;23;46;16
Invest583;79;5;39;35
Invest641;447;27;83;49
Invest522;632;36;61;97
Invest634;68;18;96;56
Invest656;2851;96;92;64
Invest768;3315;96;100;24
Invest865;944;38;77;85
Invest342;1322;82;50;97
Invest26;571;36;27;93
Invest175;1888;79;97;25
Invest891;1603;97;30;98
Invest320;491;34;17;88
Invest335;417;30;51;72
Invest489;875;55;29;82
Invest316;684;29;74;25
Invest309;995;42;61;1
Invest938;21;9;33;60
Invest467;809;54;10;30
Invest410;50;2;85;94
Invest729;2023;80;94;30
Invest955;467;41;27;54
Invest493;591;33;62;58
Invest617;329;28;64;69
Invest981;1438;93;35;80
Invest916;1803;81;64;68
Invest977;1650;98;9;69
Invest637;902;57;20;88
Invest887;1426;85;49;98
Invest756;2900;85;86;100
Invest236;556;35;34;3
Invest36;875;61;37;19
Invest483;91;4;47;65
Invest323;65;8;13;97
Invest330;86;16;19;40
Invest389;873;41;75;77
Invest621;1565;70;56;6
Invest561;1566;98;43;41
Invest192;57;16;66;6
Invest364;536;37;20;33
Invest669;796;51;31;38
Invest830;1300;48;57;12
Invest48;1272;78;48;22
Invest590;777;53;32;41
Invest868;368;27;9;47
Invest454;853;49;55;85
Invest749;84;10;91;87
Invest204;1293;82;49;60
Invest823;638;32;75;95
Invest23;1160;73;43;37
Invest753;1438;85;21;60
Invest146;1538;82;21;52
Invest435;1488;92;10;15
Invest377;3092;100;90;62
Invest579;553;44;28;97
Invest91;1594;76;58;73
Invest11;1621;99;49;81
Invest111;400;27;29;2
Invest595;882;59;37;52
Invest797;1808;67;66;53
Invest432;1144;63;38;66
Invest843;1558;66;66;83
Invest65;1322;77;25;31
Invest544;1171;73;32;32
Invest168;1496;71;59;92
Invest52;1982;82;78;3
Invest133;1631;95;17;97
Invest987;305;26;46;45
Invest502;1639;97;14;96
Invest29;1707;81;71;45
Invest678;935;60;26;3
Invest408;501;44;20;34
Invest525;1378;85;36;74
Invest140;569;40;97;89
Invest84;399;28;86;54
Invest809;22;8;58;11
Invest763;1750;97;34;45
Invest785;1763;71;71;8
Invest958;1120;51;83;31
Invest348;92;12;89;83
Invest846;1468;58;85;68
Invest326;86;1;2;85
Invest872;1612;92;50;71
Invest547;2713;98;61;4
Invest962;1645;95;29;78
Invest479;53;23;89;99
Invest573;67;8;38;83
Invest719;92;15;98;39
Invest932;823;56;17;64
Invest299;51;16;32;61
Invest40;1894;99;1;78
Invest207;843;53;22;42
Invest838;581;40;57;65
Invest438;1208;76;26;32
Invest760;80;9;14;31
Invest319;97;8;88;11
Invest405;2603;93;95;50
Invest371;88;20;7;12
Invest195;81;18;67;15
Invest644;1119;71;20;50
Invest554;96;19;58;91
Invest255;84;26;61;88
Invest666;2691;84;95;100
Invest670;63;15;69;66
Invest77;97;4;97;36
Invest233;60;21;36;89
Invest420;807;50;45;21
Invest466;1181;64;65;32
Invest441;2173;85;95;41
Invest773;100;5;78;16
Invest817;87;19;91;41
Invest517;61;6;9;77
Invest203;76;3;34;36
Invest304;59;11;9;57
Invest159;73;9;33;24
Invest372;3197;99;97;20
Invest899;92;19;3;50
Invest127;99;20;39;21
Invest434;2007;77;80;99
Invest925;54;2;56;70
Invest365;69;19;9;54
Invest141;58;6;89;82
Invest535;653;43;71;49
Invest296;100;20;63;78
Invest473;85;12;78;2
Invest85;456;29;77;98
Invest918;100;7;16;53
Invest972;86;21;47;84
Invest191;1636;98;11;96
Invest397;2052;72;86;10
Invest730;1821;61;99;100
Invest121;2386;99;52;15
Invest580;2242;94;55;7
Invest139;1935;86;60;49
Invest598;1815;80;70;46
Invest274;957;43;68;49
Invest301;625;38;53;82
Invest950;315;28;28;80
Invest824;86;12;87;84
Invest46;870;60;16;24
Invest947;1395;88;35;55
Invest900;91;15;40;28
Invest658;1658;98;39;29
Invest935;668;37;71;5
Invest50;74;20;20;1
Invest187;880;44;70;10
Invest906;768;38;70;98
Invest33;469;37;36;8
Invest352;513;35;33;30
Invest437;66;6;61;49
Invest692;813;39;82;48
Invest99;2149;84;65;8
Invest461;1571;65;86;65
Invest24;79;10;32;42
Invest165;535;33;46;78
Invest608;99;2;90;39
Invest412;1286;62;59;28
Invest726;1636;66;95;78
Invest281;336;28;43;38
Invest532;1286;88;3;23
Invest393;791;51;34;44
Invest816;1564;61;79;65
Invest842;1372;53;97;57
Invest871;1581;98;7;24
Invest495;100;4;94;12
Invest922;93;11;79;4
Invest82;51;10;33;65
Invest78;577;44;42;51
Invest599;99;21;68;51
Invest557;75;16;20;66
Invest723;268;25;12;83
Invest975;2291;73;80;68
Invest968;541;38;41;23
Invest682;79;18;83;83
Invest839;57;3;32;87
Invest333;80;21;61;17
Invest596;1229;65;52;7
Invest166;71;23;48;50
Invest336;1205;70;34;84
Invest737;3172;98;83;56
Invest792;837;55;20;60
Invest264;822;57;4;85
Invest409;1602;95;31;43
Invest640;859;53;34;34
Invest672;995;61;22;52
Invest21;1609;99;14;73
Invest235;600;29;82;64
Invest798;1078;48;81;38
Invest134;426;25;70;67
Invest228;370;29;44;62
Invest367;507;37;42;73
Invest229;3060;100;94;51
Invest928;1461;57;94;65
Invest639;58;6;28;97
Invest81;357;28;63;84
Invest820;481;36;33;29
Invest778;1788;99;50;51
Invest704;554;30;54;64
Invest853;2489;91;57;88
Invest55;612;42;43;53
Invest607;1149;73;31;87
Invest14;1715;61;92;75
Invest528;1681;100;8;99
Invest345;836;54;80;49
Invest720;71;19;52;7
Invest734;496;31;87;32
Invest965;1255;80;21;31
Invest614;1373;83;4;31
Invest685;361;21;69;29
Invest574;2079;87;78;17
Invest413;540;37;12;19
Invest991;479;34;35;49
Invest240;188;23;13;95
Invest520;1032;49;54;35
Invest252;486;38;21;15
Invest701;1037;53;94;2
Invest850;1024;67;32;58
Invest30;3049;98;74;35
Invest265;373;33;17;31
Invest162;1210;48;94;83
Invest673;665;30;70;78
Invest158;891;50;56;72
Invest124;1376;61;92;31
Invest875;3299;94;93;33
Invest271;680;51;23;8
Invest643;83;23;50;66
Invest396;1019;65;5;38
Invest442;655;49;32;92
Invest211;1601;93;42;50
Invest498;1107;65;12;42
Invest997;1225;73;17;49
Invest636;787;53;23;20
Invest102;2862;94;91;39
Invest709;1070;68;16;3
Invest459;360;37;46;43
Invest514;2400;92;78;51
Invest340;608;38;67;24
Invest394;1321;76;19;28
Invest770;379;21;95;41
Invest232;1367;65;79;16
Invest105;1521;96;24;97
Invest7;655;43;67;64
Invest368;1933;78;67;35
Invest744;2656;81;100;52
Invest8;1548;94;4;17
Invest469;1318;62;62;36
Invest615;3046;97;74;35
Invest845;534;40;26;47
Invest311;700;40;59;17
Invest131;1015;70;31;27
Invest507;2945;97;91;17
Invest56;2380;86;73;15
Invest716;1374;87;44;91
Invest289;1722;68;82;48
Invest542;1058;71;19;43
Invest210;1387;86;11;67
Invest17;381;24;90;38
Invest665;968;48;90;68
Invest456;1113;71;1;80
Invest43;719;30;94;75
Invest307;1039;49;67;85
Invest170;489;37;49;82
Invest406;1363;86;5;78
Invest144;2054;78;55;77
Invest267;2770;78;96;8
Invest581;704;52;15;14
Invest355;1781;72;63;70
Invest766;1575;95;45;81
Invest194;2748;98;94;89
Invest464;242;26;39;33
Invest538;1670;95;7;97
Invest4;3345;85;96;68
Invest476;792;48;4;31
Invest903;445;34;43;46
Invest910;457;24;80;78
Invest867;678;35;59;44
Invest651;509;20;93;8
Invest741;967;65;2;5
Invest117;1417;57;86;34
Invest942;748;49;38;51
Invest566;889;58;11;91
Invest759;2275;79;91;34
Invest163;1646;87;33;95
Invest821;1089;45;82;28
Invest188;1436;87;31;63
Invest480;1762;97;41;35
Invest293;728;35;51;9
Invest39;1292;61;72;16
Invest107;2889;86;92;10
Invest994;2240;81;80;38
Invest277;264;24;92;27
Invest874;1057;50;60;90
Invest788;75;12;5;6
Invest329;822;46;85;1
Invest889;83;19;94;10
Invest884;589;35;70;79
Invest492;1222;50;71;81
Invest245;602;42;7;40
Invest490;626;45;45;9
Invest185;587;37;22;69
Invest612;1634;98;24;10
Invest160;470;29;23;51
Invest944;75;5;11;77
Invest314;1176;52;60;57
Invest706;51;5;6;13
Invest646;2070;90;65;64
Invest978;1391;78;7;92
Invest564;922;61;9;78
Invest220;1234;56;84;50
Invest391;1317;56;89;76
Invest783;2217;100;54;20
Invest511;2712;95;82;85
Invest261;99;25;42;33
Invest653;3139;100;87;43
Invest807;1296;79;15;79
Invest339;96;8;18;72
Invest687;99;8;5;96
Invest108;79;3;65;34
Invest254;1576;71;54;25
Invest852;1524;94;26;63
Invest415;397;25;65;60
Invest346;2258;92;54;24
Invest937;3623;99;75;24
Invest68;1243;59;52;34
Invest350;2539;88;67;36
Invest387;49;4;15;20
Invest115;612;42;47;72
Invest290;1238;78;49;80
Invest238;92;16;68;53
Invest447;301;25;60;6
Invest908;654;47;15;98
Invest2;1049;64;13;32
Invest213;744;38;99;52
Invest751;1711;65;99;18
Invest960;608;52;39;53
Invest209;1502;91;29;44
Invest848;477;35;28;50
Invest836;918;47;68;26
Invest485;1527;100;28;71
Invest153;2653;87;72;39
Invest811;3220;87;82;42
Invest97;1103;68;5;29
Invest137;862;38;88;48
Invest451;881;61;21;26
Invest72;1445;91;24;20
Invest985;1663;95;19;21
Invest34;1246;80;23;50
Invest286;977;48;71;73
Invest548;649;33;79;3
Invest713;1744;97;22;29
Invest149;791;52;21;23
Invest463;95;2;28;30
Invest586;2157;85;60;75
Invest912;546;29;86;75
Invest747;463;39;16;2
Invest49;585;45;23;1
Invest675;96;1;55;86
Invest589;2689;100;88;19
Invest197;58;16;93;15
Invest283;3449;94;90;64
Invest257;54;3;63;21
Invest403;31;4;98;47
Invest649;821;51;11;12
Invest317;65;20;97;2
Invest896;1191;79;12;51
Invest523;517;36;92;94
Invest915;1090;68;16;66
Invest650;403;35;4;48
Invest769;2338;92;71;4
Invest982;2871;96;70;59
Invest855;590;35;54;59
Invest829;1084;38;95;47
Invest343;1064;53;67;97
Invest488;2307;92;59;57
Invest242;87;6;62;87
Invest358;990;58;5;26
Invest216;49;4;32;66
Invest776;1803;76;70;94
Invest941;343;26;15;24
Invest956;1216;73;14;24
Invest814;311;23;1;25
Invest795;68;3;9;74
Invest710;45;17;55;86
Invest112;79;20;16;37
Invest530;425;24;66;100
Invest75;81;19;3;61
Invest384;98;1;67;100
Invest178;793;53;19;99
Invest31;514;37;12;97
Invest5;67;2;76;54
Invest877;32;6;23;7
Invest631;1677;100;41;44
Invest668;1110;72;3;23
Invest422;424;30;65;73
Invest545;392;28;8;98
Invest754;1285;78;42;12
Invest418;1599;59;93;41
Invest504;533;27;76;36
Invest571;383;30;40;92
Invest694;10;4;19;40
Invest627;730;50;35;63
Invest780;1295;82;1;38
Invest182;94;17;53;32
Invest279;1847;83;74;82
Invest593;2276;88;70;28
Invest27;462;32;24;33
Invest53;2355;96;59;54
Invest470;526;29;18;18
Invest567;437;23;98;23
Invest444;693;43;25;67
Invest605;1334;59;60;18
Invest321;97;18;7;69
Invest881;1354;57;61;55
Invest728;632;44;30;63
Invest156;867;36;68;95
Invest697;853;57;21;96
Invest60;684;43;55;19
Invest622;1282;62;59;77
Invest206;1150;64;37;48
Invest953;1570;95;10;95
Invest552;2725;91;84;86
Invest362;1373;68;58;66
