Invest5;23;80;80;80;80;80;80;80;80;80;16;100;68;100;100;100;100;100;98;100;100;100;100;100;100;100;100;100;100;68;100;100;100;100;100;100;100;100;100;68;76;100;100;64;100;100;100;100;68;68
Invest44;73;73;73;100;100;100;100;100;100;100;100;100;100;100;100;100;100;100;36;100;100;100;96;100;100;100;100;100;100;68;36;100;100;68;68;100;100;100;100;36;100;100;100;100;100;100;100;100;100;68
Invest151;84;89;89;89;89;89;89;89;89;89;89;89;89;89;89;89;89;89;100;100;100;100;100;100;100;100;100;98;98;98;98;98;98;98;100;64;100;100;100;100;100;100;100;100;100;36;68;36;100;100
Invest250;91;100;25;100;100;100;100;60;60;60;60;36;100;32;100;100;98;98;98;81;96;68;100;98;98;98;98;68;68;100;98;98;100;100;100;100;100;100;32;100;100;100;100;36;66;100;100;36;100;36
Invest259;30;30;19;100;100;100;100;78;100;100;100;100;36;68;68;97;97;100;100;100;36;68;68;100;97;36;68;100;100;100;100;100;100;100;100;96;100;100;100;100;100;100;100;100;100;100;68;96;68;68
Invest217;61;100;100;28;100;80;80;80;80;80;100;100;100;100;27;64;100;100;100;100;100;100;100;100;100;100;100;100;100;36;96;96;96;96;100;100;100;100;96;100;32;96;36;36;96;96;96;100;100;100
Invest59;93;89;89;89;66;66;4;4;4;21;96;100;68;20;20;100;100;100;100;100;100;100;100;100;100;100;100;100;100;100;96;96;96;96;96;96;96;36;36;68;96;96;96;96;96;96;96;96;96;96
Invest265;19;19;84;84;36;85;5;84;44;100;100;100;100;100;100;100;100;100;36;100;100;100;100;100;96;96;36;100;100;100;100;100;100;100;100;100;100;100;68;100;100;100;96;38;100;100;100;68;100;32
Invest130;37;37;37;37;37;28;100;100;100;100;96;96;96;96;96;96;96;40;100;96;100;100;32;68;68;100;100;100;100;100;100;100;100;100;100;100;100;68;68;100;100;100;100;70;100;99;100;100;100;100
Invest244;26;26;63;63;68;100;45;45;45;20;20;96;86;100;84;96;36;100;96;96;96;100;100;100;100;100;100;68;32;100;96;100;100;100;97;97;100;96;96;100;96;100;100;100;100;100;100;100;100;100
Invest139;64;64;64;70;68;100;38;100;100;100;100;100;100;100;100;100;100;100;100;100;100;100;100;96;100;96;96;96;96;96;100;100;68;100;100;100;100;100;100;100;100;97;100;100;96;96;96;100;100;100
Invest50;70;70;70;68;68;79;80;100;87;87;87;100;100;100;100;100;100;100;100;100;100;100;100;100;100;100;97;100;100;100;98;100;100;100;100;100;100;100;100;100;100;100;96;98;68;96;100;100;96;100
Invest38;23;100;85;85;85;64;64;4;96;32;64;100;96;96;36;100;100;100;100;100;36;100;100;100;100;100;100;99;99;99;99;99;99;99;100;100;100;100;96;96;96;96;96;100;68;68;100;96;96;100
Invest145;36;36;36;36;100;75;100;77;77;68;100;100;100;100;100;100;100;100;100;100;100;100;100;100;98;36;100;100;100;100;100;100;100;100;100;68;100;100;100;100;100;100;100;100;100;100;100;96;100;68
Invest223;39;39;39;16;16;16;16;16;16;85;85;99;99;99;36;36;100;100;100;100;100;100;100;36;100;100;100;100;100;100;100;100;100;100;100;100;100;100;100;100;100;100;100;36;100;100;100;100;100;100
Invest65;11;11;100;53;100;100;100;96;96;36;100;100;100;100;100;100;97;97;97;100;100;100;100;68;100;100;100;100;100;100;100;100;100;68;100;100;100;100;100;100;96;96;96;100;100;100;100;100;100;97
Invest71;57;30;100;60;28;52;75;75;75;75;22;22;100;100;100;100;100;100;100;100;100;100;100;100;70;68;36;4;4;97;100;68;97;68;32;100;100;100;100;36;100;68;96;97;97;97;97;96;96;96
Invest23;86;86;82;100;92;100;100;100;100;100;100;100;100;100;100;100;100;100;100;100;100;100;100;68;68;100;100;100;100;100;100;100;100;100;100;100;100;100;64;68;96;96;96;100;36;100;100;68;100;100
Invest166;55;82;82;82;4;4;93;93;93;93;93;100;100;100;100;100;100;100;100;100;100;100;100;100;100;100;100;100;100;100;100;100;100;100;100;100;100;100;100;100;100;100;100;100;100;100;100;96;96;96
Invest238;20;100;49;49;49;0;68;36;32;100;68;100;100;100;4;100;100;100;20;64;100;100;100;100;100;96;96;96;96;96;96;96;96;96;100;100;100;100;100;100;100;100;100;100;100;36;100;100;96;100
Invest124;16;66;66;88;4;89;70;34;34;34;100;100;100;100;100;100;68;100;100;100;100;100;100;36;64;36;100;100;100;100;100;100;100;100;100;100;100;100;96;96;96;100;100;100;100;96;68;100;100;100
Invest32;51;51;100;100;96;88;4;21;21;100;100;100;100;99;36;100;68;100;100;100;36;100;64;36;36;96;36;1;100;100;100;100;100;100;96;100;100;100;100;100;100;100;100;100;100;100;100;100;100;100
Invest133;81;81;81;81;81;81;81;81;100;68;96;100;100;100;100;100;100;100;100;36;100;98;70;36;36;68;100;36;36;100;100;100;100;100;36;100;100;100;100;100;100;100;36;36;36;36;96;96;96;96
Invest26;61;60;82;100;33;33;92;92;92;92;92;92;92;92;92;92;92;92;36;100;96;100;100;68;68;68;100;70;100;100;100;100;100;100;100;100;76;100;100;100;100;52;96;96;96;96;100;100;100;100
Invest127;47;47;47;52;88;88;36;88;44;100;96;96;100;100;100;100;100;100;36;68;98;98;98;98;36;100;100;100;100;100;100;64;100;68;100;100;100;100;100;100;100;100;100;100;100;100;100;100;100;96
Invest53;13;36;100;100;100;4;100;100;100;100;100;36;100;100;100;100;100;100;100;100;100;100;100;67;100;100;100;100;68;100;100;100;100;100;100;100;100;100;100;100;100;100;36;36;100;100;100;100;100;68
Invest226;71;10;70;100;100;100;100;100;100;100;96;100;100;100;100;100;100;100;100;100;68;100;100;36;100;100;96;96;96;96;96;96;96;96;96;100;100;68;96;96;97;100;100;32;68;68;68;98;96;100
Invest11;22;19;19;19;100;36;100;100;100;69;86;87;100;96;96;36;100;100;100;100;100;100;100;100;100;100;100;98;100;100;68;36;100;36;36;100;36;100;100;97;97;97;68;36;100;100;100;100;36;36
Invest8;71;71;71;88;88;88;88;88;88;88;88;88;88;88;88;88;32;100;100;36;100;100;52;96;100;100;100;100;100;100;36;100;100;96;96;96;36;36;100;96;100;100;68;68;36;100;100;96;97;100
Invest148;88;88;73;88;88;94;80;34;20;100;100;100;100;100;100;100;100;100;100;100;100;100;100;100;100;100;100;100;100;100;100;100;100;100;100;100;98;100;100;96;68;66;32;69;100;100;100;100;100;100
Invest211;30;30;30;100;37;37;37;46;100;68;87;87;100;100;100;100;100;100;100;100;100;100;98;98;100;64;100;68;96;96;96;96;99;99;99;99;96;100;100;100;97;100;100;36;100;100;100;100;68;68
Invest247;66;66;42;42;36;36;36;36;100;100;100;89;100;100;100;100;100;100;100;100;100;100;100;100;100;100;100;100;100;100;100;100;68;97;100;100;100;100;100;100;100;100;100;100;100;96;100;100;100;100
Invest106;64;6;46;4;88;22;22;22;83;100;100;100;100;100;100;100;100;100;100;100;100;100;100;100;100;100;100;37;76;76;100;100;32;96;100;100;36;100;100;100;100;100;100;100;100;100;36;100;100;36
Invest232;91;91;96;96;96;100;100;100;22;76;76;76;100;100;100;100;100;100;100;100;36;36;100;36;100;36;96;64;44;100;100;100;100;100;100;100;100;36;96;100;68;36;100;100;100;96;100;100;100;36
Invest205;12;12;18;96;72;72;72;72;72;3;100;100;100;100;100;100;100;100;100;100;100;100;100;100;100;68;96;100;98;68;100;68;100;100;100;100;100;100;100;100;96;96;96;96;96;96;96;96;96;96
Invest47;34;34;34;59;59;59;59;36;36;100;100;100;100;100;68;100;100;100;100;36;100;100;100;100;36;100;100;100;100;100;100;100;100;100;36;68;100;100;100;100;100;100;100;100;100;97;100;100;100;100
Invest154;14;14;100;100;68;100;100;100;100;100;100;100;100;100;100;100;100;100;100;100;68;100;68;100;100;100;100;100;98;100;100;100;100;64;64;68;100;64;100;68;98;100;68;69;100;68;96;36;100;100
Invest112;91;43;34;92;92;92;92;86;100;68;100;80;80;100;86;100;96;66;100;100;68;100;36;100;100;96;100;100;100;100;100;100;100;68;100;36;100;100;100;100;100;100;100;100;100;100;100;100;100;100
Invest198;95;22;22;22;22;22;22;22;22;21;21;36;92;92;92;68;86;68;98;98;98;98;98;98;98;98;98;98;98;98;98;98;98;36;36;100;100;100;100;98;98;98;100;100;100;100;100;100;33;33
Invest297;57;100;14;100;100;100;100;100;100;100;100;100;100;100;100;100;100;100;100;100;100;64;100;68;100;68;36;36;36;100;36;100;96;96;38;100;100;100;100;97;36;34;100;36;68;100;100;100;100;100
Invest20;59;91;91;91;91;100;92;92;92;92;92;92;92;20;69;69;100;100;100;100;36;100;100;100;100;100;100;100;100;100;100;100;100;96;96;96;36;100;100;100;100;100;100;100;100;98;100;100;100;100
Invest29;77;77;77;77;77;77;64;64;64;64;64;100;100;98;68;97;97;97;97;100;100;96;100;96;96;36;100;100;100;100;100;100;100;36;36;68;100;100;100;100;100;100;100;100;100;68;100;100;100;100
Invest121;52;52;52;52;81;16;16;4;96;19;100;100;100;100;100;100;100;96;96;68;100;100;100;100;68;100;100;96;96;100;36;100;100;100;100;100;100;100;96;100;100;100;96;96;96;96;96;96;96;96
Invest136;9;52;52;52;52;52;52;52;52;100;96;96;96;68;68;100;100;100;68;100;100;100;100;96;100;100;100;32;100;96;100;36;36;100;100;100;100;100;100;100;100;100;100;100;68;100;100;100;100;100
Invest97;24;87;86;86;86;86;86;86;86;86;86;36;100;100;44;100;100;100;100;100;100;100;100;100;100;68;68;68;96;96;100;100;36;96;100;100;100;4;100;100;100;100;100;52;100;100;100;100;100;100
Invest229;77;82;82;82;82;100;99;36;100;100;100;100;100;100;100;100;100;100;100;100;100;36;36;100;100;100;100;100;100;100;68;100;100;100;100;36;98;100;100;100;100;100;96;96;96;96;96;96;96;96
Invest14;23;23;100;100;100;100;100;100;100;100;100;100;100;100;20;100;100;96;100;100;100;100;100;100;100;100;100;100;100;100;100;100;100;100;100;36;100;68;68;68;100;96;100;100;100;100;100;100;96;96
Invest2;5;5;33;22;22;22;22;22;22;88;36;96;100;96;96;96;96;100;100;68;100;100;100;100;100;100;100;100;100;36;32;98;100;100;64;96;100;100;100;100;100;100;100;100;100;33;36;32;100;100
Invest82;38;38;52;82;69;69;100;100;100;100;100;68;100;36;100;100;100;100;100;100;100;100;100;100;100;100;100;97;97;97;97;97;97;97;36;96;100;100;100;100;100;100;100;100;69;100;100;36;68;96
Invest220;47;49;49;22;36;100;100;100;100;100;100;100;100;100;100;100;100;100;100;100;100;100;100;100;100;100;100;100;100;36;100;100;100;96;100;100;96;100;100;100;100;100;100;100;100;100;100;100;100;100
Invest115;81;82;100;100;20;36;36;36;100;85;68;100;68;96;100;4;84;84;84;84;100;32;32;100;100;100;36;36;100;100;36;100;100;100;100;100;100;100;100;100;100;100;100;100;100;100;100;100;100;100
Invest109;100;23;51;51;51;51;100;49;74;100;100;100;100;100;100;100;100;96;96;96;100;96;96;96;100;100;36;100;100;100;96;100;68;68;44;68;100;100;100;100;100;100;100;68;100;100;100;100;100;100
Invest35;28;28;1;80;80;80;80;80;80;80;80;80;68;100;36;96;100;96;100;100;100;100;100;100;100;100;100;100;100;100;100;100;96;96;96;100;100;100;100;100;100;100;100;100;100;100;100;100;96;38
Invest183;94;94;94;94;94;94;70;70;96;96;96;96;96;96;96;96;96;96;96;96;96;96;96;96;96;96;96;96;96;100;100;100;100;100;100;100;100;100;100;100;100;100;100;36;100;64;68;96;100;100
Invest208;74;74;74;74;71;71;71;71;4;68;100;100;100;100;64;100;96;100;100;20;100;100;100;100;100;100;100;100;100;100;100;96;100;100;96;98;100;100;100;100;100;36;68;68;97;96;96;100;100;100
Invest214;95;95;95;80;80;20;100;100;100;100;100;100;100;100;100;100;29;100;100;100;100;100;100;100;36;36;96;32;100;100;96;100;100;100;100;33;36;96;100;100;64;64;100;100;100;100;100;36;100;68
Invest282;53;12;12;90;90;92;55;55;68;68;96;36;34;100;36;38;100;100;100;100;100;100;100;100;100;100;100;100;100;100;100;100;100;100;68;100;100;100;100;100;68;100;100;100;100;96;68;100;36;100
Invest100;58;36;36;100;100;100;100;100;100;100;100;100;100;100;100;100;100;100;100;100;100;100;100;100;100;100;100;100;100;100;100;100;100;100;100;100;100;100;100;100;100;97;97;97;97;96;96;96;100;100
Invest118;50;50;35;35;35;35;35;35;35;35;84;100;81;100;100;68;100;100;64;96;96;96;96;96;96;96;96;96;96;96;96;96;96;100;100;100;96;100;36;68;100;100;100;100;100;100;96;100;100;100
Invest70;76;98;22;100;100;6;66;4;20;76;30;30;36;100;100;96;96;96;96;96;96;100;100;100;100;100;100;100;100;100;96;68;96;96;96;96;96;100;100;96;96;96;96;96;96;96;96;96;96;84
Invest79;27;32;32;32;100;100;100;100;100;100;88;88;88;86;86;86;100;96;100;100;97;100;96;100;100;32;66;96;96;96;36;33;100;100;100;100;100;96;96;96;96;66;100;100;100;100;100;100;100;100
Invest171;67;67;67;70;97;97;44;44;34;100;100;84;100;100;100;100;100;100;100;100;100;100;100;100;100;36;100;100;100;100;100;100;100;100;100;100;100;100;100;100;100;100;100;100;68;96;100;100;98;98
Invest285;69;69;94;94;94;94;47;47;24;66;100;100;36;100;100;100;100;100;100;100;100;100;100;100;68;100;100;100;100;36;100;100;100;100;100;100;100;100;100;100;100;100;100;98;100;4;36;96;100;100
Invest202;72;72;36;100;100;100;70;70;70;70;70;96;20;68;68;36;96;100;100;100;100;96;96;100;100;96;32;36;36;68;100;100;100;100;37;100;100;100;68;97;97;97;96;68;100;68;100;100;100;100
Invest279;74;0;82;82;82;82;100;66;70;36;36;36;96;96;100;100;100;100;100;100;100;100;36;100;97;36;100;100;96;100;68;36;36;100;100;100;100;100;100;100;100;100;100;100;100;100;100;100;100;100
Invest291;88;54;54;54;54;54;54;54;54;54;100;100;68;100;20;20;20;20;100;100;100;100;100;100;100;96;97;100;96;97;100;36;100;36;100;68;36;100;100;100;96;100;100;35;0;100;100;100;100;100
Invest270;75;75;75;100;100;22;22;100;100;100;100;68;35;69;100;100;100;100;68;100;36;100;100;100;4;100;100;64;96;100;96;96;96;96;100;100;100;100;100;96;100;100;100;100;96;98;98;98;98;98
Invest165;71;71;52;52;100;100;0;96;100;68;100;94;94;94;94;94;94;36;100;100;100;100;100;100;36;68;68;36;100;68;100;100;100;100;68;100;100;100;100;100;100;97;97;100;36;36;96;96;100;68
Invest17;88;100;93;93;96;100;80;100;96;75;100;100;100;100;100;94;94;94;36;100;100;99;32;68;68;68;100;100;100;100;100;100;100;36;100;96;100;100;100;36;68;68;36;36;96;96;68;100;100;36
Invest264;37;37;77;22;54;100;65;23;77;100;68;96;96;96;96;96;96;96;96;96;96;96;100;100;96;100;100;34;98;98;98;98;100;100;100;100;100;100;100;100;100;68;100;100;100;100;100;100;100;68
Invest103;86;86;52;85;85;52;20;36;36;100;100;84;96;68;100;36;36;100;100;100;100;100;100;96;100;100;100;100;70;100;100;34;100;100;100;100;100;96;96;96;36;100;68;100;97;97;97;36;36;100
Invest64;4;4;100;100;100;100;100;96;100;100;100;100;86;92;83;68;100;100;100;100;100;100;100;100;100;100;100;100;100;100;100;100;100;36;100;100;32;100;36;98;100;96;96;32;100;100;100;100;100;100
Invest91;24;24;86;80;80;80;80;100;100;100;36;36;100;36;36;100;100;96;36;96;96;96;96;100;70;100;100;100;100;100;100;100;100;100;100;100;100;100;100;100;100;100;100;100;100;100;100;36;100;100
Invest186;52;16;96;100;100;100;100;100;51;100;36;100;100;100;69;68;36;68;100;32;100;100;100;100;100;100;100;100;64;100;33;100;100;100;100;100;100;100;100;100;100;100;36;36;100;100;36;36;100;100
Invest85;68;68;28;28;28;28;100;100;60;36;68;36;100;100;100;100;68;68;100;100;100;100;100;100;100;36;100;100;100;100;100;100;100;100;100;100;96;100;100;100;100;100;100;100;100;100;100;100;100;100
Invest192;70;100;100;100;36;100;100;100;100;100;100;100;71;100;96;100;96;92;100;100;100;100;100;100;68;98;100;36;68;100;96;98;98;98;98;98;98;98;98;97;100;68;96;36;96;96;100;68;100;100
Invest168;82;82;82;95;95;95;84;84;84;68;68;100;68;96;100;100;100;100;100;100;100;100;100;100;100;100;100;100;100;68;100;100;100;100;100;100;100;100;100;100;100;100;100;68;100;100;36;36;96;68
Invest246;10;100;100;53;53;53;100;90;90;90;90;100;100;36;36;68;100;100;100;100;100;36;100;100;100;100;100;100;100;100;100;96;96;96;36;100;100;100;96;96;96;96;96;96;96;96;96;96;96;96
Invest94;33;46;85;85;85;85;85;85;16;100;68;100;100;100;84;84;84;84;84;80;80;100;100;100;100;100;100;100;100;100;100;100;100;100;96;96;100;100;100;100;100;36;100;100;100;100;100;100;97;97
Invest88;52;52;32;32;32;32;100;100;100;100;100;36;68;70;100;100;100;100;100;100;100;100;100;64;100;100;100;100;100;100;100;100;100;100;36;100;96;96;64;100;100;36;100;100;100;96;36;97;97;100
Invest195;46;46;46;85;85;85;85;85;6;100;32;67;100;100;96;100;100;96;100;100;100;100;100;100;4;100;36;36;100;100;100;100;100;100;100;100;100;100;100;100;100;100;68;68;100;98;100;36;68;33
Invest294;90;90;90;90;90;73;13;100;100;68;100;100;100;100;68;32;32;100;100;96;100;100;100;100;100;100;100;100;36;68;100;100;100;100;100;100;100;100;100;100;100;100;68;68;68;68;100;100;100;100
Invest46;49;49;100;100;100;100;100;100;100;100;100;100;100;100;100;100;96;100;66;96;100;100;100;100;100;100;100;100;100;100;100;100;68;36;96;68;100;100;44;96;100;68;36;68;68;100;100;100;100;100
Invest52;88;88;100;100;100;100;36;24;24;100;68;96;96;100;100;100;100;100;36;100;100;100;100;100;68;100;100;36;100;100;36;100;100;100;100;100;100;100;100;100;100;64;100;100;100;100;100;36;96;36
Invest189;74;74;74;74;74;100;100;100;28;100;100;100;96;36;36;36;36;100;96;96;96;96;96;96;96;96;96;96;100;96;100;100;36;36;100;100;100;100;100;100;96;96;96;96;96;100;100;100;100;100
Invest252;62;24;100;100;100;64;92;92;92;96;100;100;100;100;100;100;100;100;100;100;100;100;100;100;100;100;100;100;100;100;100;100;100;100;100;100;100;96;36;100;100;100;100;100;96;98;100;100;100;64
Invest147;33;79;79;2;20;96;100;96;65;36;93;36;100;68;68;97;97;36;100;100;64;96;96;96;52;100;100;100;100;100;68;100;100;100;100;100;100;100;100;100;100;97;97;97;100;32;100;100;100;68
Invest174;34;34;78;70;33;82;28;100;100;96;96;96;100;100;36;36;100;100;100;100;100;100;100;100;100;100;100;100;100;100;100;36;97;68;68;100;100;100;100;100;68;68;100;96;96;96;96;96;100;52
Invest67;53;53;100;100;100;100;100;100;99;99;99;99;99;99;99;99;99;99;99;99;99;68;96;100;100;100;100;100;100;100;100;100;100;68;97;97;97;100;36;100;100;100;100;100;100;38;100;100;100;100
Invest273;81;16;16;34;72;72;72;72;72;72;96;96;96;96;96;68;100;100;100;100;100;100;100;100;100;100;100;100;100;100;36;96;100;100;36;100;68;68;68;100;36;100;100;100;100;100;100;100;100;100
Invest267;12;12;96;44;89;100;100;100;100;100;100;100;100;100;84;100;100;100;36;35;100;96;100;100;100;100;100;100;100;100;68;100;68;100;100;67;100;100;100;100;36;100;100;100;100;100;100;96;64;100
Invest153;50;6;31;100;100;100;100;100;100;100;100;100;100;100;100;86;96;100;68;100;100;100;100;100;98;98;98;98;100;100;100;66;99;100;100;100;100;100;100;100;100;68;100;96;96;68;100;96;100;96
Invest180;84;46;46;46;100;69;76;96;21;98;68;85;100;100;88;96;100;36;100;32;100;36;36;100;100;100;100;100;100;100;100;100;100;100;100;100;100;100;100;100;100;100;100;100;100;100;100;65;100;100
Invest73;84;84;65;91;91;100;100;100;64;76;76;76;100;100;100;100;100;100;100;100;100;100;96;96;96;96;96;96;96;96;96;36;33;100;96;76;100;100;97;100;100;100;100;100;100;36;100;100;100;100
Invest288;29;29;86;67;67;67;67;67;67;67;100;100;100;100;100;100;100;100;100;100;100;96;96;96;96;96;96;96;100;100;100;100;96;36;36;100;100;100;100;100;100;100;100;100;100;100;100;100;100;100
Invest162;47;47;100;100;12;64;100;3;3;36;36;100;64;100;100;100;100;33;68;100;100;100;100;100;100;100;36;36;96;100;100;100;100;100;100;100;96;68;100;100;100;100;100;100;100;100;100;100;100;100
Invest156;72;72;72;72;86;100;22;22;53;48;96;100;68;68;68;36;100;96;96;96;96;96;96;100;100;100;100;34;100;100;100;100;100;100;36;100;96;96;96;96;96;96;96;96;96;100;100;100;100;100
Invest255;31;78;78;75;100;100;100;100;100;100;100;100;100;100;100;100;36;68;100;36;96;100;100;36;36;36;68;68;100;100;100;100;100;100;100;98;100;100;100;100;100;100;100;100;68;100;96;100;100;100
Invest120;92;92;92;68;25;25;25;100;100;100;100;96;100;100;36;92;92;92;92;92;68;68;68;100;100;100;100;100;36;100;100;100;32;36;100;100;100;100;100;100;36;100;68;70;96;96;96;100;100;36
Invest228;4;4;6;3;100;12;36;64;78;100;100;100;100;100;100;100;100;100;100;100;100;100;100;100;100;100;100;100;100;100;100;100;100;100;100;100;100;100;100;100;100;100;100;100;100;100;100;100;100;100
Invest135;26;26;76;76;100;100;100;100;96;100;100;100;100;100;100;100;100;77;36;100;100;100;65;96;100;32;100;100;36;100;100;96;96;96;96;96;96;96;100;68;100;100;100;100;100;100;100;100;100;68
Invest28;51;61;100;100;89;89;100;69;69;69;100;100;100;100;100;100;100;86;68;100;100;100;100;100;84;34;100;68;100;100;36;97;36;32;32;36;96;36;32;36;100;32;36;100;96;64;36;98;100;96
Invest55;75;75;75;100;100;52;98;100;96;96;96;96;96;96;100;100;100;100;100;100;96;64;96;100;100;100;100;100;100;100;100;100;100;100;100;100;100;96;96;96;96;96;96;100;100;100;100;100;96;68
Invest261;43;74;74;74;100;100;100;100;100;100;100;100;100;100;96;100;100;100;100;100;100;100;100;100;96;100;100;100;100;100;36;68;100;100;100;100;100;36;68;100;96;44;100;100;100;100;68;100;100;100
Invest49;46;52;52;52;52;52;52;100;100;100;100;100;100;100;100;96;36;20;100;100;100;100;44;98;100;100;100;100;100;100;100;100;68;96;100;96;36;68;38;68;100;100;68;100;100;100;100;100;100;100
Invest40;52;52;52;52;92;68;20;20;20;20;20;36;67;36;36;100;100;36;100;100;36;100;100;100;100;100;100;32;32;100;36;68;100;100;100;100;100;100;100;100;36;100;100;100;100;100;100;100;100;100
Invest76;3;100;89;20;20;20;20;20;20;100;100;36;96;96;96;96;96;96;64;100;100;100;76;65;65;96;100;100;100;100;100;32;100;100;100;100;100;100;100;100;100;100;100;100;100;100;100;100;68;68
Invest177;19;38;6;68;68;84;100;100;68;80;100;68;100;100;4;96;96;96;96;96;96;96;100;100;100;100;96;100;64;100;100;100;100;100;100;100;100;36;97;100;100;100;100;100;100;100;100;100;100;68
Invest141;93;19;100;96;96;36;86;86;100;100;100;100;100;100;100;36;100;100;100;36;100;100;100;100;100;100;100;100;100;100;100;100;100;100;100;100;36;100;100;100;100;100;97;4;0;96;96;96;96;96
Invest276;1;64;2;2;68;53;53;40;40;40;96;64;100;100;100;100;100;100;100;100;100;68;32;36;68;68;38;100;36;100;100;100;100;100;100;100;100;100;100;100;100;100;100;100;100;100;100;100;100;100
Invest34;66;81;81;81;81;81;54;36;36;100;85;80;36;100;100;32;100;100;100;100;100;100;36;68;100;68;32;68;64;68;100;100;100;100;100;96;100;100;100;100;100;100;100;100;100;100;96;96;96;96
Invest61;57;57;64;35;76;76;76;76;76;76;9;100;100;100;92;92;92;92;92;92;100;36;100;98;100;100;100;100;100;100;100;100;100;100;100;96;100;96;100;100;100;100;100;100;100;100;100;100;100;100
Invest234;86;86;86;84;84;84;100;71;35;35;36;100;100;100;96;100;100;100;100;100;100;100;100;100;100;100;100;100;100;100;100;100;100;100;100;100;100;100;100;100;100;96;100;100;100;100;68;100;68;96
Invest240;53;53;53;96;68;68;68;68;100;100;100;100;100;100;100;36;100;100;100;100;100;100;100;100;100;100;100;36;100;100;100;100;100;100;70;68;96;36;100;36;100;36;100;100;100;36;100;100;100;100
Invest249;31;31;31;100;100;20;20;20;20;100;100;100;36;100;100;100;100;100;100;100;100;100;100;100;65;36;36;36;100;100;100;100;100;100;100;36;100;100;100;96;96;100;33;100;92;100;100;100;100;100
Invest129;33;27;27;27;81;100;76;76;22;22;68;100;36;64;64;100;100;100;100;100;96;96;36;100;100;68;96;64;96;96;36;100;100;100;100;100;100;100;100;100;100;100;100;68;100;68;97;36;68;100
Invest4;38;38;38;38;99;99;99;99;99;99;99;99;99;96;96;66;100;68;100;100;100;100;100;100;36;100;36;36;36;100;100;100;100;100;52;100;100;96;96;100;68;100;100;100;100;100;100;100;100;100
Invest43;75;57;100;100;100;21;21;100;100;100;32;100;100;100;100;100;36;36;100;100;100;100;100;100;100;36;64;64;68;100;100;100;100;100;100;100;100;100;100;100;100;96;96;100;100;97;100;100;100;68
Invest37;44;100;100;100;100;100;44;88;100;100;100;100;100;100;100;100;100;96;100;68;100;100;100;100;36;96;96;100;100;36;96;32;100;100;100;100;100;100;100;100;100;100;36;36;100;100;100;100;100;96
Invest216;22;25;25;100;80;96;29;100;100;81;20;100;100;100;97;97;100;68;100;100;100;100;68;100;100;100;100;100;100;100;100;100;100;100;100;100;100;100;100;100;100;100;100;100;100;100;100;100;100;100
Invest243;6;4;4;4;4;4;100;100;100;4;68;100;100;100;100;100;100;100;100;100;100;100;100;100;100;100;100;100;100;100;100;100;100;100;100;100;100;100;36;100;100;100;100;100;100;100;100;100;100;100
Invest138;72;72;72;72;100;100;100;100;100;100;100;100;100;68;100;100;36;36;100;97;36;100;96;36;100;100;100;70;70;100;38;100;100;100;36;100;96;36;36;64;100;100;100;100;100;100;100;100;68;68
Invest58;10;71;74;0;22;100;100;100;100;100;77;77;77;77;77;100;36;100;36;36;100;100;100;36;36;100;100;100;100;100;100;36;100;100;100;100;100;100;100;100;96;96;68;68;100;100;100;96;100;100
Invest201;66;66;66;100;32;96;96;100;100;100;100;100;100;36;100;100;96;100;100;100;100;100;100;100;43;100;100;52;100;98;96;100;100;100;100;100;100;100;96;96;96;96;100;84;84;100;96;96;100;36
Invest237;58;41;36;86;64;64;64;100;100;100;87;36;100;68;42;100;100;100;100;100;100;100;100;100;100;100;100;100;36;100;36;96;96;100;100;100;100;100;100;100;100;100;100;100;100;100;100;100;100;100
Invest16;56;56;26;26;83;100;100;100;93;4;100;100;100;100;100;100;100;96;100;100;100;100;68;96;96;96;100;66;100;100;100;66;100;100;100;100;100;100;64;68;100;100;36;36;100;100;100;100;100;68
Invest123;75;100;7;100;100;80;80;80;80;80;100;100;100;100;100;100;100;86;100;97;100;100;100;100;66;100;100;100;100;100;100;100;100;100;100;100;100;100;100;100;100;100;98;68;97;100;100;96;100;100
Invest222;64;64;64;64;100;100;100;100;100;100;86;86;86;100;100;100;100;100;100;100;100;68;100;100;100;100;100;100;100;100;100;100;100;100;100;100;100;100;100;100;100;100;100;100;100;100;100;100;100;100
Invest144;21;21;92;100;100;100;17;64;68;100;86;76;100;100;100;100;100;100;96;100;100;68;100;100;100;100;100;100;100;100;100;100;36;36;100;100;100;100;100;100;100;100;100;100;100;100;96;96;96;96
Invest102;10;10;68;26;100;100;97;97;36;36;36;68;68;32;32;100;68;68;100;100;100;36;98;98;98;100;100;68;100;100;100;100;100;100;100;100;100;100;100;100;100;100;100;100;100;68;36;100;100;100
Invest150;38;38;68;68;68;68;68;68;68;98;100;100;100;100;100;100;100;100;100;100;68;36;36;100;100;100;100;100;100;100;100;100;100;97;97;97;97;97;97;100;100;100;100;100;100;100;100;100;100;100
Invest22;50;0;0;0;0;0;36;20;96;96;96;96;100;85;100;96;20;20;96;96;96;96;96;96;100;68;68;68;68;98;98;68;100;100;36;36;100;96;36;32;100;100;100;100;100;100;36;100;36;68
Invest159;27;27;100;100;100;16;53;87;87;87;87;87;87;87;100;100;97;97;97;97;97;97;97;97;96;100;100;100;100;100;36;96;96;96;100;100;100;100;96;100;68;100;100;64;100;100;100;100;100;100
Invest258;74;74;100;100;100;100;100;100;72;100;100;97;100;100;96;68;32;100;100;100;100;100;100;100;36;68;100;100;100;100;96;68;100;100;100;99;36;100;100;100;36;36;100;68;100;100;100;100;100;100
Invest117;11;88;88;88;32;32;32;32;32;20;100;100;100;100;100;100;36;36;80;100;100;100;100;100;100;100;100;100;100;100;100;36;96;96;96;96;100;68;100;100;100;100;100;100;100;100;100;100;100;100
Invest204;34;34;34;4;70;70;70;70;70;70;100;68;68;36;36;96;99;32;100;100;100;100;100;100;100;100;97;97;100;68;100;64;100;100;100;100;100;100;100;100;100;100;100;96;98;100;100;100;100;100
Invest10;3;3;69;69;69;69;69;69;69;69;86;86;86;100;100;100;4;4;96;100;36;100;100;100;100;100;100;100;100;100;100;100;100;100;100;100;100;100;100;100;100;100;100;100;100;100;100;100;100;100
Invest19;77;77;77;16;16;52;100;77;100;100;100;100;100;100;96;96;96;96;96;96;96;96;100;100;100;100;100;100;96;68;100;100;100;100;100;100;100;100;100;100;100;100;36;100;36;100;100;100;100;4
Invest25;41;69;69;69;68;100;100;100;100;100;100;100;100;100;100;100;98;100;32;32;68;99;99;99;99;99;99;99;99;99;99;68;100;100;100;100;100;100;100;100;100;100;100;100;100;100;100;96;68;96
Invest132;86;14;14;72;72;72;72;72;72;72;100;80;80;80;80;80;80;80;80;80;100;96;33;100;100;100;100;100;100;100;100;100;100;36;36;68;100;100;100;100;100;100;100;100;100;100;100;100;100;100
Invest93;25;56;5;5;5;5;5;5;5;100;100;100;100;100;100;68;96;96;96;96;96;100;100;68;68;100;99;100;100;100;100;100;100;100;100;100;100;100;100;100;96;96;100;100;100;100;100;100;100;100
Invest210;25;100;100;100;3;3;17;36;36;100;96;100;68;100;100;100;100;100;100;100;100;100;100;100;100;100;100;68;71;96;36;100;99;68;100;100;100;100;100;100;100;100;64;36;100;68;96;96;100;68
Invest105;64;35;35;100;94;94;94;94;94;94;94;94;94;100;100;100;100;100;100;100;97;97;97;97;100;68;100;100;100;64;100;32;96;100;100;65;34;96;68;96;100;100;100;68;68;96;36;100;96;68
Invest194;48;48;77;4;100;79;79;79;84;84;100;100;100;96;100;100;100;100;68;64;96;68;100;36;100;100;68;68;68;36;97;100;100;96;100;96;100;100;68;64;96;98;98;98;98;97;97;97;97;68
Invest231;10;21;21;21;21;21;100;100;100;100;100;100;68;100;100;96;96;96;100;100;64;100;100;100;96;96;100;34;100;100;68;36;100;36;36;100;100;100;100;100;100;100;100;100;100;32;100;100;100;100
Invest225;82;64;64;64;64;64;64;64;64;100;100;100;100;97;36;32;100;36;36;100;100;100;36;68;68;100;100;100;100;100;100;100;100;68;100;100;100;36;100;96;100;68;68;68;96;100;100;100;100;100
Invest111;90;73;68;6;6;6;6;6;36;36;100;100;100;100;71;36;68;98;98;98;98;98;100;100;100;100;100;96;96;96;96;100;100;100;100;100;100;100;100;100;100;98;98;98;98;98;98;100;100;100
Invest126;30;30;30;36;21;100;100;18;100;100;100;100;100;100;96;100;100;100;68;96;100;100;100;100;100;100;100;100;100;100;100;100;100;100;100;100;100;100;100;100;100;100;100;100;100;100;100;100;100;100
Invest293;74;31;1;100;27;27;7;100;100;100;96;100;100;100;100;100;100;100;100;100;68;68;100;36;36;100;100;68;68;68;100;100;100;100;100;100;68;68;100;100;100;100;100;100;100;100;35;100;100;100
Invest7;56;41;41;41;100;68;68;68;68;100;100;100;100;100;100;100;100;100;100;100;100;68;36;68;100;100;36;36;96;96;100;100;100;100;100;100;100;100;100;100;100;68;36;100;98;98;100;100;96;100
Invest219;97;66;66;66;100;100;100;36;20;100;100;100;68;68;100;100;100;80;80;100;100;100;100;100;36;96;100;100;100;100;100;100;100;100;100;100;100;100;100;100;100;32;68;68;72;36;100;100;100;96
Invest31;49;17;28;28;28;28;28;20;100;100;68;100;100;100;36;100;100;100;68;80;100;68;68;68;100;100;36;36;96;96;96;96;96;96;100;36;100;100;100;100;100;100;100;100;100;100;100;100;100;100
Invest287;73;95;95;100;100;100;100;100;100;100;100;100;100;100;100;100;100;100;100;100;96;96;96;100;100;100;100;100;68;100;100;100;100;36;36;100;100;68;68;100;100;100;100;100;100;100;100;100;100;100
Invest182;81;81;81;81;55;55;55;55;55;55;100;100;100;96;96;96;96;96;96;96;96;96;96;100;100;100;100;100;100;100;100;96;68;36;36;100;35;35;35;100;100;100;100;100;100;96;32;100;36;96
Invest213;26;26;68;68;68;36;68;20;46;100;68;96;100;100;100;100;100;100;100;100;100;100;100;100;100;100;100;64;100;100;100;100;100;100;100;100;96;96;96;96;96;100;96;68;100;100;100;100;100;100
Invest281;16;100;49;4;100;19;22;69;69;76;80;80;68;100;20;68;100;100;100;100;100;100;100;100;96;96;36;36;100;100;100;98;100;100;100;100;100;100;100;68;100;100;100;100;100;100;100;100;100;100
Invest176;66;66;100;100;100;64;100;100;52;100;68;100;100;100;100;100;100;26;100;100;100;100;100;100;36;100;100;68;36;100;100;100;36;68;100;100;100;96;96;96;100;100;100;100;100;68;100;100;100;100
Invest296;66;66;66;66;28;100;100;100;94;100;100;100;100;100;68;100;82;100;100;100;100;100;100;100;100;100;100;100;100;100;100;100;36;100;36;100;100;100;100;100;100;96;96;96;96;96;96;96;96;100
Invest96;23;61;61;61;61;61;61;61;61;96;68;100;100;100;100;100;100;100;100;100;100;100;65;36;98;100;100;100;100;100;100;100;100;68;68;68;68;100;100;100;100;100;100;100;68;100;100;36;98;100
Invest13;84;71;71;71;71;67;36;36;36;32;32;96;100;96;36;100;100;100;100;32;100;68;68;100;100;100;100;100;100;96;100;100;100;100;100;100;100;100;36;96;100;100;100;100;100;100;100;100;100;99
Invest81;94;28;77;77;77;77;77;100;100;100;100;100;100;96;96;96;96;96;32;92;100;100;100;100;36;100;96;100;100;100;100;100;100;100;100;100;100;96;68;100;96;96;96;100;100;100;96;100;100;100
Invest269;27;100;100;100;100;100;100;70;100;100;100;100;83;83;83;36;100;100;100;100;100;100;100;100;100;68;68;96;96;96;100;100;100;100;100;36;100;100;100;100;100;100;100;100;100;100;100;100;100;36
Invest108;45;72;72;72;100;100;100;100;100;100;100;100;68;100;69;68;100;100;100;100;100;100;68;68;68;100;96;96;96;96;96;96;96;96;96;100;36;100;36;68;100;36;100;100;100;100;100;100;100;100
Invest1;60;60;60;60;20;54;100;89;89;89;100;100;100;100;100;100;100;100;100;100;100;100;100;100;100;100;100;100;100;100;100;100;100;68;68;68;100;100;100;68;33;33;68;68;100;100;97;100;100;100
Invest75;87;62;47;64;100;100;100;100;100;100;100;100;100;100;100;100;100;100;100;100;100;100;100;100;100;100;100;100;100;100;68;100;36;100;100;100;100;100;100;100;100;100;100;96;96;96;96;96;100;48
Invest207;49;21;21;62;62;62;62;100;100;85;100;100;100;100;100;100;100;100;100;100;100;96;96;96;100;100;36;100;100;100;100;100;100;100;100;100;100;100;96;100;100;100;100;100;100;100;100;100;96;96
Invest197;53;100;100;100;100;100;36;100;100;100;85;85;85;85;85;85;85;100;98;98;100;100;100;100;100;100;32;32;100;100;100;100;96;97;100;36;100;100;100;64;100;100;100;100;100;100;100;100;68;36
Invest275;83;42;42;83;83;1;1;28;33;100;100;36;100;96;96;96;96;96;96;96;96;36;100;100;100;100;100;100;100;100;100;100;100;36;100;100;100;100;100;100;100;96;68;36;100;100;100;100;96;100
Invest114;85;76;76;89;89;80;15;100;100;100;100;100;100;100;64;32;96;100;85;100;100;96;100;100;100;100;100;100;100;100;100;100;100;100;100;100;100;100;100;100;100;100;99;100;97;97;97;97;97;97
Invest284;42;42;42;82;82;82;82;82;36;100;100;100;100;100;100;100;100;99;68;100;100;100;100;100;100;100;36;100;100;36;68;100;64;68;100;100;100;100;100;100;100;100;100;64;96;36;100;33;96;100
Invest63;17;17;32;100;100;100;6;6;85;85;85;85;85;85;100;100;100;100;100;100;100;100;36;96;100;36;100;96;96;100;100;100;100;100;96;97;96;36;100;100;100;100;100;100;100;99;99;99;99;99
Invest99;76;78;78;87;87;100;36;100;30;100;100;100;100;100;100;100;100;100;100;100;100;100;100;100;100;76;100;100;100;100;100;100;100;100;100;96;100;100;100;100;36;100;100;100;100;65;100;100;100;100
Invest57;47;87;13;100;100;100;80;100;0;44;100;4;85;85;96;36;100;100;68;96;97;98;68;100;100;36;36;64;100;68;68;100;100;96;100;100;96;96;96;100;98;98;100;100;100;96;100;100;100;100
Invest164;84;91;56;59;100;99;99;99;37;22;100;100;100;100;76;68;68;100;100;100;98;100;36;100;100;68;36;100;35;100;100;100;100;100;100;100;100;100;100;100;100;100;98;100;96;81;100;36;68;100
Invest299;87;87;54;54;92;92;68;92;92;92;92;92;92;92;92;92;92;92;92;92;92;100;100;100;100;100;100;100;100;100;100;100;100;100;64;100;100;100;100;100;100;100;100;100;100;100;100;100;100;36
Invest263;17;100;100;100;100;36;36;36;96;60;96;100;100;100;100;68;100;100;68;100;100;100;100;100;100;100;100;32;36;96;96;96;100;100;98;100;100;100;100;100;100;100;100;100;100;100;100;100;100;100
Invest191;4;4;4;100;100;100;100;100;84;100;100;100;100;100;68;36;100;100;100;100;100;100;100;100;100;100;100;100;100;100;100;100;100;100;35;100;100;100;68;100;100;100;100;100;100;100;100;100;100;100
Invest84;41;79;44;44;44;100;86;86;64;96;68;100;100;68;68;100;100;96;96;96;96;96;96;96;96;96;100;100;100;36;98;98;98;98;96;96;96;96;96;100;96;96;96;100;100;100;100;100;100;100
Invest290;51;51;51;51;51;69;69;80;77;77;100;98;98;98;98;98;96;100;96;100;64;100;100;100;100;100;68;68;64;100;100;36;100;100;100;100;100;100;100;96;99;99;99;99;99;99;99;99;68;100
Invest179;61;61;88;88;100;68;98;100;100;76;76;96;96;100;100;100;100;100;100;100;100;100;100;100;100;96;96;96;96;96;96;96;96;96;68;100;100;100;100;100;100;100;100;100;100;100;100;68;36;97
Invest185;80;80;80;10;89;89;89;89;89;89;89;89;89;85;85;85;85;85;85;85;85;100;100;100;100;100;100;100;100;100;100;68;36;32;32;100;100;100;68;36;100;100;98;98;98;98;97;97;100;100
Invest257;3;55;55;55;100;100;100;100;100;12;97;100;100;38;38;96;100;100;100;100;100;100;100;100;100;96;68;100;64;36;36;33;100;96;36;68;96;100;100;100;100;100;96;96;96;96;96;96;36;36
Invest278;25;25;78;100;100;36;36;36;36;66;97;97;97;97;97;97;97;100;100;100;100;100;100;100;96;96;96;96;96;96;96;97;100;100;100;100;100;100;100;100;100;100;100;100;100;100;96;97;100;100
Invest90;24;24;6;0;0;0;0;0;0;80;28;68;100;100;100;100;100;100;100;100;100;100;100;100;100;100;98;100;68;100;100;100;100;98;100;100;100;100;100;36;100;32;100;36;96;96;98;100;100;100
Invest170;12;12;6;6;91;91;91;68;100;100;100;85;100;100;100;100;36;36;100;100;100;100;100;100;70;36;99;100;100;100;100;100;100;68;68;100;100;100;100;100;100;100;100;100;100;66;100;100;100;100
Invest158;67;3;100;100;100;98;54;54;36;64;36;100;100;100;100;100;100;100;100;100;36;97;100;100;100;100;100;100;100;100;96;100;100;100;100;100;100;100;100;100;100;100;100;100;100;100;100;100;100;100
Invest78;49;44;81;81;81;81;81;81;72;72;72;100;68;100;68;36;100;68;100;36;100;100;100;100;100;52;100;96;96;96;96;96;96;96;96;96;96;96;100;100;100;68;100;100;100;96;68;100;100;100
Invest167;84;84;84;84;84;53;53;53;53;53;98;60;92;96;66;100;68;68;68;85;36;96;68;68;100;100;100;100;100;100;100;100;100;100;100;100;36;32;100;100;100;100;100;100;100;100;65;36;99;99
Invest230;17;48;79;100;100;100;100;100;100;100;68;36;100;68;100;100;100;100;100;100;100;100;100;100;100;100;32;68;96;64;100;32;100;36;36;68;68;68;100;100;68;40;96;96;100;100;100;100;96;65
Invest87;42;49;49;100;25;25;25;25;100;100;100;100;100;100;100;100;100;100;100;36;68;100;76;96;100;100;100;100;100;100;100;98;96;100;100;100;100;100;100;100;100;98;100;68;96;70;96;100;100;100
Invest72;13;13;20;20;53;100;100;21;21;100;100;100;100;100;100;100;100;100;100;100;100;100;68;100;36;96;96;96;100;36;100;100;100;100;100;100;100;100;100;36;100;100;100;68;100;100;100;100;100;100
Invest45;39;39;98;98;98;98;98;98;98;98;96;100;100;100;100;65;96;32;100;100;100;100;100;100;68;100;96;100;100;36;68;36;100;68;100;100;100;100;98;100;100;100;100;68;100;68;100;100;100;100
Invest173;21;86;86;86;64;52;100;100;100;100;100;100;100;100;100;100;100;100;100;100;68;36;100;36;100;100;100;100;100;100;100;100;100;100;69;70;70;100;70;100;100;100;100;100;100;100;100;100;100;100
Invest251;63;63;63;35;100;100;100;32;97;97;97;97;97;97;100;100;100;100;100;100;100;100;100;100;100;100;100;96;96;96;96;96;96;96;96;96;96;96;96;96;100;36;100;100;100;100;100;100;32;100
Invest51;100;30;72;72;72;72;72;72;86;86;86;86;100;100;100;100;100;100;100;100;100;97;68;68;36;36;100;69;69;100;96;96;100;100;100;100;100;68;100;64;100;96;36;36;96;100;98;98;68;4
Invest66;4;18;100;100;100;100;100;100;100;100;100;100;100;64;100;100;94;68;96;44;68;68;100;100;100;100;100;100;100;100;96;100;100;100;68;68;100;100;100;100;100;100;36;36;100;96;96;96;36;100
Invest239;6;100;100;100;92;92;45;45;45;100;68;68;36;36;36;68;97;100;68;100;100;100;100;100;100;100;100;100;100;98;100;36;68;100;100;100;100;100;100;100;100;100;100;96;68;100;100;100;100;100
Invest131;8;72;72;72;29;29;68;68;68;100;100;100;100;100;100;100;100;100;100;100;100;100;100;100;100;100;100;100;100;100;100;100;100;100;100;100;96;96;100;100;100;100;96;96;96;96;96;96;100;100
Invest266;35;83;54;67;67;67;67;28;28;100;100;100;100;100;100;100;100;100;100;100;100;100;100;100;68;100;96;100;100;100;100;100;100;100;100;100;100;100;100;68;100;52;64;100;100;100;100;100;32;100
Invest188;71;71;34;64;100;100;100;100;100;100;100;100;100;36;52;100;100;100;100;100;100;100;64;36;100;100;100;100;100;100;100;100;98;100;70;36;36;100;100;100;100;100;100;36;100;32;36;100;96;100
Invest152;43;95;100;100;100;100;100;7;100;100;100;100;100;85;85;85;100;100;96;96;100;100;36;100;100;100;100;36;76;100;100;100;100;100;100;100;100;100;70;32;100;100;100;100;66;100;100;100;100;100
Invest146;35;35;51;23;21;1;100;86;0;53;92;92;92;68;68;68;68;100;36;97;36;100;100;100;96;96;96;96;96;96;96;96;100;100;100;100;100;100;100;100;100;68;100;84;99;100;100;33;68;36
Invest39;25;95;99;53;53;100;100;100;100;20;100;100;100;100;96;96;96;96;96;66;68;36;68;96;96;96;100;35;100;100;68;100;100;100;38;100;68;68;68;36;100;44;96;36;100;100;100;100;100;100
Invest245;51;72;72;72;72;72;72;100;90;100;96;86;68;100;100;99;100;100;36;100;100;100;96;96;96;100;68;100;98;98;98;98;98;100;100;97;100;64;100;96;36;36;100;100;100;100;100;100;100;100
Invest30;44;84;84;73;96;46;96;43;36;100;100;100;36;86;86;20;100;100;100;100;100;100;96;100;96;96;96;100;96;96;100;100;100;100;100;100;100;100;100;100;100;36;100;84;100;100;100;100;96;68
Invest272;18;18;18;85;86;62;62;62;62;62;100;98;96;96;96;96;98;98;100;100;96;100;98;100;100;36;100;100;100;100;100;100;96;96;96;100;100;100;100;100;36;36;100;98;36;100;96;36;100;100
Invest0;81;81;81;81;16;100;100;100;100;100;100;36;100;100;100;100;100;100;100;100;100;100;100;96;96;100;100;100;100;100;100;96;100;100;100;100;100;100;100;100;100;100;100;100;100;100;100;100;100;100
Invest140;84;26;55;100;68;68;68;16;76;100;100;96;96;68;100;100;100;100;100;100;100;100;100;100;100;100;100;68;98;100;100;100;100;98;96;100;100;100;96;100;100;97;100;100;100;100;100;100;100;100
Invest9;24;24;100;100;100;100;100;100;100;100;100;100;100;100;21;100;100;100;100;100;100;100;100;100;100;100;100;100;100;100;100;100;100;100;100;100;100;100;100;100;100;100;100;100;100;100;100;100;100;100
Invest48;68;69;100;100;100;100;100;6;100;100;100;100;100;100;100;100;100;100;100;100;96;96;96;96;100;100;100;96;100;100;100;100;100;100;100;100;100;100;100;100;100;100;100;100;100;100;100;100;100;68
Invest254;35;35;35;86;49;49;49;82;82;82;82;100;100;96;80;8;100;84;36;100;100;68;100;100;68;100;100;4;100;100;100;100;100;100;100;100;100;100;100;100;100;100;100;32;100;100;100;100;100;100
Invest113;50;100;100;96;96;100;100;83;76;52;100;100;36;100;100;100;96;100;100;100;68;100;100;100;100;100;100;100;100;100;96;100;68;100;100;100;100;100;100;100;100;100;100;100;100;100;100;100;100;100
Invest248;38;39;100;97;97;96;100;100;100;100;100;100;68;100;68;97;97;32;100;100;100;100;100;100;100;100;100;96;36;100;100;100;100;36;36;68;68;68;100;68;100;100;100;100;100;100;100;100;100;68
Invest134;33;33;36;6;59;59;59;59;59;36;76;100;100;100;100;100;100;68;36;100;100;100;100;100;100;100;100;100;100;100;100;36;36;100;100;100;100;100;100;100;100;100;100;100;100;100;100;100;100;100
Invest149;40;69;69;89;64;100;100;100;100;100;100;82;96;96;84;100;68;100;100;100;68;100;100;36;100;96;100;100;97;100;100;100;96;100;100;100;100;100;64;100;100;100;100;100;100;100;100;100;100;100
Invest161;25;25;21;36;36;100;100;100;60;100;100;100;100;100;100;100;100;64;32;68;100;32;36;100;100;100;100;100;100;36;68;100;68;32;100;100;100;100;100;68;36;36;96;100;100;100;100;100;100;100
Invest212;27;48;100;100;100;100;96;53;36;100;100;100;100;100;100;36;100;100;100;100;100;64;64;96;96;96;100;100;96;100;32;96;100;100;96;36;100;100;96;96;96;96;100;38;68;68;100;100;32;32
Invest54;75;4;100;100;100;100;29;52;52;100;21;92;100;100;100;100;100;100;100;100;100;100;100;100;100;32;32;32;32;100;100;100;100;100;68;36;100;96;100;68;68;68;100;68;100;44;100;100;100;36
Invest260;34;34;100;36;36;100;56;56;56;36;85;36;36;97;97;97;97;69;92;92;100;68;68;100;36;100;96;100;100;100;100;100;100;100;100;100;100;100;4;36;100;100;96;38;100;100;100;64;100;100
Invest12;40;40;80;80;53;53;91;91;50;100;100;81;100;100;100;68;36;36;68;100;100;100;100;100;100;100;100;36;96;100;100;100;96;100;100;100;100;96;96;96;96;97;100;100;98;98;36;68;68;100
Invest227;39;39;39;100;100;29;66;100;92;32;68;100;64;100;100;100;100;100;100;100;100;100;100;36;100;100;100;100;36;36;36;100;96;100;100;100;100;96;100;100;100;68;100;96;96;100;68;100;100;52
Invest33;39;54;100;100;47;100;54;100;100;100;68;80;68;36;36;85;100;100;100;100;100;100;100;100;100;100;68;100;96;100;100;100;100;100;100;100;100;100;100;100;100;100;96;96;96;96;96;100;96;100
Invest60;16;16;84;100;36;36;100;22;100;100;100;100;100;100;100;100;100;100;100;68;100;100;32;36;36;100;68;68;100;100;100;100;100;100;96;100;100;100;100;100;100;68;96;68;96;100;100;100;100;68
Invest69;99;100;100;100;100;100;96;36;85;85;85;100;96;68;100;100;100;100;100;100;100;100;36;100;76;100;100;36;100;100;36;100;96;100;100;68;96;100;100;100;100;100;100;100;100;100;100;100;100;36
Invest155;8;8;8;56;66;73;0;7;68;68;68;20;100;100;100;100;84;100;100;100;100;100;100;100;100;100;100;100;100;100;100;100;100;100;100;100;100;100;100;100;100;98;68;100;100;100;100;100;100;100
Invest27;34;34;70;80;80;20;20;100;100;16;100;100;100;100;100;100;100;100;100;97;97;97;97;97;97;97;97;97;32;68;100;100;100;100;100;100;100;100;100;100;100;100;100;100;68;68;96;100;100;100
Invest233;88;17;17;29;29;29;29;29;100;100;100;100;100;100;80;100;100;100;68;99;96;96;100;100;100;100;100;100;100;100;68;68;96;96;100;100;100;100;100;100;100;100;100;100;100;96;100;100;100;100
Invest128;12;53;89;89;89;69;100;68;100;100;100;100;100;36;100;20;100;65;32;100;100;100;100;100;68;96;100;100;100;100;100;36;100;100;100;100;100;100;100;100;100;100;100;100;100;100;100;100;100;100
Invest15;91;3;3;3;82;82;54;68;71;96;96;96;96;96;96;96;96;68;33;100;100;100;100;100;100;100;100;100;100;100;100;100;96;96;96;96;96;96;96;100;100;100;100;100;100;100;100;100;100;100
Invest122;35;35;35;20;68;100;87;87;87;87;87;87;87;68;4;4;4;100;100;100;100;100;100;100;100;100;100;100;100;100;100;100;100;100;100;100;64;100;68;100;100;100;36;36;33;64;68;100;100;100
Invest42;78;58;20;100;79;79;79;79;100;100;100;100;100;100;100;100;100;100;100;36;100;100;100;96;100;100;100;100;100;100;100;100;68;100;100;100;100;100;100;100;100;100;100;100;100;100;100;100;100;100
Invest221;9;9;46;100;100;100;100;100;100;100;100;100;100;100;100;100;100;100;100;96;68;100;100;100;100;100;100;100;100;36;100;100;100;100;68;68;100;100;100;100;100;100;100;100;100;100;36;100;100;100
Invest190;65;65;77;77;77;85;85;84;100;100;100;100;100;100;100;100;100;100;100;100;100;100;100;100;100;100;100;100;100;100;36;66;100;68;100;36;100;100;4;100;100;100;100;32;100;100;96;100;98;100
Invest143;8;50;100;68;90;100;48;100;100;100;65;68;100;100;100;100;68;68;100;100;36;100;100;100;100;100;100;100;100;100;100;100;100;100;100;100;100;100;100;100;100;100;100;100;100;100;100;100;100;100
Invest298;33;100;100;100;41;96;96;96;96;96;96;96;96;96;100;36;100;100;100;100;100;34;100;100;96;100;68;100;76;100;100;100;100;100;100;100;100;100;100;100;100;100;100;100;36;100;100;100;100;34
Invest137;87;87;87;20;100;100;100;100;100;100;36;100;68;100;100;32;100;36;96;36;36;100;96;64;36;96;100;96;36;100;68;100;100;100;100;100;100;100;100;100;98;100;64;44;100;100;100;100;100;100
Invest101;17;17;17;17;74;74;20;20;20;20;72;36;100;100;100;100;100;100;100;100;100;32;100;98;68;100;100;32;100;100;100;36;100;100;100;100;100;100;66;100;100;100;100;68;100;100;100;100;100;100
Invest215;91;91;91;91;20;100;68;68;68;68;100;100;100;64;64;64;97;97;64;100;36;100;100;100;100;35;36;36;100;100;100;100;100;100;100;100;100;100;100;100;96;68;36;64;100;100;100;100;100;100
Invest98;88;88;88;88;100;100;100;80;86;86;76;68;100;100;96;96;96;96;96;96;100;100;100;100;100;100;96;96;96;96;96;96;96;96;100;100;100;100;100;36;100;100;100;100;100;100;100;100;100;100
Invest21;21;21;21;21;21;92;92;92;92;92;100;100;100;100;100;100;96;100;100;100;100;64;100;100;100;100;96;96;96;36;65;68;100;100;36;100;100;100;100;100;100;100;100;100;100;100;100;100;100;36
Invest200;17;17;17;36;100;100;100;100;100;100;100;80;80;80;80;100;36;68;100;100;66;100;100;100;100;100;100;100;100;100;100;100;100;32;100;100;100;100;100;100;32;70;68;68;100;100;100;100;100;100
Invest209;66;66;66;100;100;100;100;100;100;96;21;21;100;100;100;100;100;96;100;68;100;100;36;99;99;99;99;99;99;99;99;99;99;99;99;99;99;99;99;100;100;100;100;100;100;100;100;100;100;100
Invest199;50;50;69;100;20;20;20;20;20;20;100;96;100;96;68;100;100;100;100;100;68;96;96;96;96;96;96;96;96;96;36;98;98;98;98;98;98;98;98;98;100;100;96;96;96;96;100;96;100;68
Invest116;23;100;100;36;36;36;36;36;36;60;66;96;85;85;85;81;100;100;36;100;100;68;100;100;100;100;100;100;100;100;100;100;100;100;100;100;100;36;36;96;96;96;96;96;96;96;96;96;96;96
Invest236;32;100;100;100;76;94;92;37;96;100;100;100;100;100;100;100;100;96;96;100;100;100;100;100;100;96;100;36;36;100;100;68;96;96;100;68;68;100;100;100;100;97;100;100;100;100;100;100;66;66
Invest3;80;80;80;38;68;68;68;68;68;68;86;86;96;66;66;96;96;96;96;92;92;100;36;68;33;100;100;100;64;100;100;96;36;100;100;100;100;100;100;100;100;100;100;100;100;100;100;100;100;100
Invest36;64;22;22;100;100;100;3;20;100;100;100;100;100;100;32;68;100;100;100;100;36;100;68;100;44;100;100;100;100;100;100;100;98;96;36;68;100;100;100;100;100;100;100;100;100;100;36;100;100;100
Invest242;53;9;92;49;49;49;49;49;49;100;100;96;100;100;100;100;100;100;100;100;100;100;100;100;100;100;100;100;100;100;100;100;100;100;100;100;100;100;100;100;100;100;100;100;100;100;36;36;100;44
Invest193;23;23;100;100;100;70;100;100;100;100;100;100;100;100;100;100;100;100;100;100;100;100;100;100;100;100;100;100;100;100;36;100;100;100;100;100;96;68;96;96;36;68;32;32;36;96;100;100;100;100
Invest286;72;41;41;100;100;100;100;100;100;93;93;93;93;93;93;93;93;93;93;93;100;100;100;100;100;100;100;100;100;100;100;100;100;66;66;96;96;96;96;96;96;96;96;96;96;96;100;36;36;36
Invest292;71;50;50;50;69;39;39;100;100;100;100;100;100;100;96;96;96;96;96;96;96;100;100;36;34;100;100;36;44;100;100;100;100;100;100;100;100;100;100;100;100;100;100;36;100;100;100;100;100;100
Invest18;99;32;100;100;100;100;22;22;22;84;84;84;84;36;37;100;100;100;100;100;100;100;100;68;68;68;100;96;96;96;100;96;96;96;36;36;36;100;100;100;32;32;100;100;100;100;100;68;100;99
Invest24;22;22;52;52;52;52;36;36;36;100;100;20;100;96;96;36;100;36;100;68;100;100;32;100;100;100;100;100;100;98;96;96;100;96;100;100;100;100;100;96;100;100;100;100;100;100;100;100;100;100
Invest92;25;20;100;100;81;85;100;100;100;100;100;100;100;100;100;100;100;100;100;100;98;98;98;98;98;98;98;98;98;98;98;36;100;100;68;100;100;100;100;100;100;100;96;36;36;36;100;100;36;36
Invest86;23;41;94;94;94;97;36;59;100;100;100;100;100;100;12;12;100;68;100;100;100;36;100;100;96;100;100;100;100;97;97;97;100;97;97;100;96;100;100;100;100;100;100;100;100;100;36;100;100;100
Invest224;80;80;8;8;100;100;100;100;72;100;100;100;100;68;68;100;100;100;100;100;100;100;100;100;100;96;96;96;100;100;100;100;100;68;36;36;100;100;100;100;100;36;100;68;68;68;100;100;100;68
Invest119;47;19;19;19;100;100;100;100;37;100;100;100;100;100;4;64;64;100;100;100;100;100;100;96;96;96;100;52;4;100;100;100;100;100;100;100;100;100;36;96;96;96;100;97;100;100;100;100;100;100
Invest6;55;55;55;65;85;85;78;4;100;100;100;100;100;100;100;100;100;92;98;100;100;36;100;96;100;32;32;96;96;96;100;100;100;100;96;36;36;98;98;98;98;98;98;100;97;97;97;97;97;100
Invest187;95;67;67;67;67;67;100;77;84;85;80;92;86;68;68;100;100;36;100;100;100;100;100;100;100;100;100;100;98;100;100;100;36;100;100;100;100;100;100;100;100;100;100;100;100;68;36;96;100;100
Invest104;89;89;89;89;89;15;15;15;21;100;100;100;100;100;100;100;100;100;100;36;100;100;100;100;100;68;100;100;100;100;100;100;100;100;100;100;67;34;97;68;68;100;100;68;100;100;100;100;100;100
Invest110;73;57;57;57;57;70;70;70;70;70;64;100;100;100;96;100;100;92;100;100;100;100;100;100;100;100;100;97;100;100;64;100;100;100;100;100;100;100;100;100;100;100;100;100;100;100;100;100;100;100
Invest172;85;85;85;85;85;59;36;4;85;80;80;100;68;100;100;100;100;100;100;100;100;100;100;100;64;100;100;100;96;66;100;100;100;100;100;100;100;100;100;100;100;68;100;68;100;100;100;100;100;100
Invest203;39;76;84;84;84;60;20;100;33;100;100;100;100;100;4;4;86;86;86;100;100;36;100;100;100;100;100;100;100;100;100;100;100;36;36;100;100;96;100;100;96;96;100;100;100;100;100;100;100;96
Invest218;84;100;100;96;96;44;5;85;100;100;100;100;100;100;100;64;100;96;100;96;96;96;100;100;36;100;100;100;100;68;64;100;68;96;96;96;68;64;100;68;36;100;100;96;96;100;100;100;68;100
Invest271;13;95;90;82;82;84;84;84;84;84;100;100;100;100;100;100;100;32;32;100;100;100;100;100;100;100;100;100;100;100;68;100;68;99;99;99;99;100;100;68;100;100;100;97;97;100;100;100;100;100
Invest125;40;17;76;76;20;89;68;68;96;96;96;96;100;100;100;100;80;97;68;68;100;100;100;100;100;100;100;100;100;100;100;100;100;100;100;100;100;100;100;68;100;100;100;36;97;100;100;100;100;68
Invest289;12;12;0;0;36;100;100;100;100;100;100;100;68;68;68;65;98;98;100;100;80;36;36;100;100;68;100;69;68;100;100;100;100;100;100;100;100;100;100;100;100;100;100;100;100;100;100;100;100;100
Invest206;48;16;16;16;100;31;31;92;92;92;92;92;100;36;36;68;96;96;100;100;100;100;100;100;100;100;100;100;68;100;100;100;100;100;100;100;100;100;100;100;100;100;100;100;100;100;100;100;100;100
Invest74;93;39;3;91;81;100;100;84;100;100;100;100;100;100;80;80;100;100;100;100;100;100;68;68;100;100;100;100;68;68;100;100;97;100;100;100;100;100;68;96;96;100;100;100;100;100;100;100;100;4
Invest107;57;57;57;54;54;74;100;68;100;100;100;100;100;100;100;100;100;100;100;32;36;100;100;100;36;68;100;68;100;68;100;100;100;100;100;100;100;100;100;100;100;100;100;100;100;100;100;100;100;33
Invest160;17;100;100;100;100;12;68;84;98;98;98;98;98;98;98;98;98;98;98;98;98;98;98;98;37;100;100;100;100;100;100;100;100;100;100;100;100;100;100;100;100;100;100;100;100;100;100;100;100;100
Invest280;69;69;81;81;53;53;53;100;100;100;100;100;100;100;100;100;100;100;100;100;100;100;100;100;100;100;100;100;100;100;100;100;36;100;96;96;96;68;68;100;100;36;100;100;100;100;100;100;100;100
Invest175;75;100;100;16;85;60;100;68;96;68;68;100;100;100;100;85;85;85;96;96;96;100;100;100;100;100;100;36;97;97;97;97;97;97;97;100;100;100;100;100;100;100;100;100;68;96;96;96;100;100
Invest169;22;36;99;99;100;100;100;100;100;100;100;100;36;68;68;96;96;68;100;100;100;100;100;100;100;100;100;100;100;100;100;100;100;100;68;100;69;68;68;100;100;96;68;100;100;96;36;100;36;36
Invest268;64;32;80;54;54;54;87;100;100;100;86;86;98;100;100;100;100;100;100;100;96;33;100;96;96;96;96;96;96;96;96;96;100;100;64;100;36;100;96;96;96;100;100;64;64;64;96;36;36;100
Invest295;50;50;31;20;20;100;100;100;13;80;82;82;92;92;92;92;100;100;100;100;100;100;36;100;100;100;100;100;100;100;68;100;100;100;100;100;100;100;100;96;100;100;100;100;100;100;100;100;100;100
Invest253;3;3;4;7;19;100;100;100;100;100;100;69;100;100;64;100;68;100;64;36;36;100;100;100;100;36;100;100;100;100;100;100;100;100;100;100;100;100;68;36;100;100;100;100;100;36;36;36;68;36
Invest68;62;62;48;48;31;31;31;19;48;85;85;85;100;36;100;100;100;100;100;100;100;96;100;100;100;100;100;100;100;100;100;100;100;100;100;96;100;100;96;96;96;96;96;96;100;100;68;100;100;100
Invest95;93;93;93;93;93;93;93;93;93;93;100;82;100;100;64;100;85;85;98;98;100;100;36;100;100;96;96;96;96;96;96;96;96;96;36;36;100;36;96;100;100;96;96;69;100;65;100;64;36;100
Invest274;54;54;54;100;86;16;16;100;100;100;100;100;100;100;100;100;100;100;97;97;97;97;100;100;100;100;100;100;100;100;100;36;100;100;100;100;100;100;100;100;100;100;100;100;100;100;100;96;96;96
Invest80;95;95;95;95;100;100;100;100;86;100;100;100;100;64;98;68;100;96;96;96;100;33;98;36;36;100;100;100;100;100;100;100;36;96;100;100;100;100;100;100;68;100;100;100;100;100;100;68;100;100
Invest181;67;70;70;70;70;48;85;100;100;100;100;100;100;100;100;100;100;64;32;100;100;100;100;100;100;100;100;100;36;100;68;100;100;100;97;97;97;97;100;68;96;97;97;96;36;36;100;96;100;68
Invest89;28;85;85;85;30;99;100;84;4;100;100;100;100;100;36;80;80;80;80;100;68;36;100;100;100;96;100;100;100;100;100;100;100;100;100;100;96;64;64;100;36;100;100;100;100;100;100;100;100;96
Invest196;87;87;87;100;100;100;100;100;100;20;68;100;100;100;100;100;100;100;68;100;96;96;96;100;100;100;100;36;36;100;100;100;100;100;100;100;100;100;100;36;36;32;68;97;100;100;100;100;100;100
Invest241;83;83;83;83;6;100;100;100;100;100;100;100;100;100;96;96;96;96;96;96;96;96;96;96;100;100;100;100;100;66;97;97;97;100;100;100;68;100;36;100;96;96;96;96;100;100;100;68;32;35
Invest83;82;23;23;23;100;100;67;86;100;100;100;100;100;100;100;100;100;100;100;100;98;68;100;100;100;96;96;100;100;100;100;100;100;100;100;100;36;100;100;100;100;100;100;100;100;36;100;100;100;100
Invest41;56;56;31;36;100;100;100;98;98;100;100;100;100;100;100;100;100;100;100;100;100;100;100;100;36;100;100;100;100;100;100;100;100;100;100;100;100;100;100;100;36;36;100;100;100;100;96;36;100;100
Invest77;88;100;9;42;100;85;85;85;85;85;85;100;96;100;68;100;100;100;100;100;100;100;100;100;100;100;100;100;100;100;100;100;100;100;100;67;36;100;100;100;96;33;100;100;100;100;100;100;96;96
Invest62;49;100;100;100;100;100;100;100;44;100;100;100;100;20;20;80;68;100;100;100;85;100;100;100;100;100;36;100;32;100;36;100;100;100;64;100;96;68;100;68;100;100;100;100;68;32;64;100;100;100
Invest163;90;90;60;65;65;65;36;22;100;100;36;100;100;100;64;100;100;100;100;68;100;100;100;100;100;100;100;100;36;100;36;100;100;36;96;68;36;100;100;100;100;96;68;68;100;100;68;97;36;64
Invest178;38;86;100;100;100;96;100;100;86;86;86;100;100;68;86;100;68;100;100;100;100;100;100;100;100;100;100;100;96;36;36;100;100;100;100;100;100;100;4;100;100;100;100;96;96;100;68;100;100;100
Invest277;100;100;100;100;91;91;53;86;21;96;100;100;38;36;36;100;100;100;68;96;96;96;100;100;100;100;100;100;100;100;100;100;100;100;100;100;100;100;38;96;100;100;100;100;100;100;100;100;100;100
Invest56;34;34;34;85;56;56;76;49;100;96;100;100;100;100;100;100;100;100;100;100;100;100;68;68;32;100;52;96;36;100;100;100;100;96;96;96;96;96;96;96;100;68;100;68;68;36;100;100;68;68
Invest184;66;66;66;66;100;100;100;100;100;100;100;100;100;100;100;100;100;100;100;100;100;100;100;100;100;100;100;100;0;68;100;100;68;100;68;100;100;100;100;100;100;100;100;100;100;48;100;100;100;100
Invest235;63;100;92;92;92;96;82;60;100;7;100;68;100;92;100;68;100;100;100;96;68;96;100;96;36;100;100;100;100;68;100;100;100;100;36;100;68;100;100;100;100;100;100;100;100;100;100;100;100;100
Invest262;18;26;90;90;90;90;80;84;100;100;100;20;96;96;96;68;100;100;100;68;68;96;96;96;96;96;96;96;96;96;100;100;100;100;100;100;100;100;100;100;100;100;100;100;68;100;100;100;100;100
Invest142;30;93;57;76;100;100;100;100;100;96;86;68;100;96;100;100;100;100;100;85;68;100;100;68;100;100;100;100;100;100;100;36;96;96;36;96;100;100;100;100;100;100;100;100;100;100;100;100;96;96
Invest157;94;94;40;40;100;100;100;68;92;92;100;100;100;100;100;100;100;64;100;36;100;100;100;100;100;100;96;36;32;100;100;100;100;100;100;100;100;100;100;100;100;100;100;100;100;100;100;100;100;100
Invest256;55;55;18;85;85;85;85;85;85;85;85;85;85;100;100;100;100;100;100;100;100;100;100;100;100;100;100;100;100;100;100;100;96;100;36;100;100;100;100;100;100;100;100;100;100;68;100;100;36;36
Invest283;62;62;100;100;100;26;100;100;100;100;66;100;100;100;100;100;96;96;96;100;100;68;68;96;68;96;68;68;100;100;100;36;100;100;100;100;100;100;100;36;36;36;36;100;100;100;100;100;100;100
